param n:= 100; 
param m:= 4; 
param t_max:= 47.5; 
param: utility:= 
0 0
1 7
2 5
3 24
4 3
5 23
6 3
7 26
8 24
9 16
10 21
11 6
12 17
13 27
14 27
15 1
16 6
17 27
18 23
19 18
20 13
21 1
22 13
23 21
24 23
25 16
26 8
27 24
28 15
29 24
30 8
31 5
32 3
33 9
34 11
35 7
36 10
37 13
38 13
39 8
40 24
41 14
42 27
43 1
44 5
45 20
46 5
47 3
48 13
49 6
50 28
51 5
52 17
53 2
54 23
55 17
56 6
57 21
58 18
59 14
60 7
61 4
62 13
63 25
64 27
65 1
66 2
67 17
68 3
69 4
70 13
71 1
72 16
73 10
74 13
75 3
76 21
77 24
78 19
79 13
80 19
81 8
82 1
83 29
84 24
85 1
86 10
87 11
88 17
89 13
90 16
91 2
92 22
93 2
94 8
95 28
96 24
97 12
98 5
99 0
; 
param time: 0 1 2 3 4 5 6 7 8 9 10 11 12 13 14 15 16 17 18 19 20 21 22 23 24 25 26 27 28 29 30 31 32 33 34 35 36 37 38 39 40 41 42 43 44 45 46 47 48 49 50 51 52 53 54 55 56 57 58 59 60 61 62 63 64 65 66 67 68 69 70 71 72 73 74 75 76 77 78 79 80 81 82 83 84 85 86 87 88 89 90 91 92 93 94 95 96 97 98 99 := 
0  0.0 21.87 23.56 4.41 16.56 23.61 14.93 3.65 24.5 5.56 11.4 12.5 19.04 23.12 3.51 21.15 7.5 18.86 8.61 24.66 13.04 14.5 13.9 2.44 21.3 19.15 13.6 14.67 14.4 8.05 3.03 24.54 13.58 18.51 5.56 18.11 24.59 17.4 13.91 18.81 12.0 4.44 10.19 4.99 18.3 21.79 19.36 3.19 22.48 18.58 3.83 12.6 10.81 9.72 10.28 17.54 21.34 5.16 11.5 12.71 13.81 17.18 18.65 12.33 8.98 24.49 3.24 6.12 25.79 12.88 16.58 17.95 10.66 4.11 21.09 20.46 16.57 11.04 21.42 8.08 13.09 7.63 18.84 18.0 10.7 11.48 5.39 7.84 15.49 19.65 21.08 18.07 7.06 18.17 7.59 16.12 2.07 14.77 14.21 19.81 
1  21.87 0.0 6.52 25.98 10.69 3.48 20.78 20.43 13.44 16.41 10.81 28.8 3.88 2.46 18.57 3.43 23.96 5.61 25.56 12.13 8.98 23.36 8.49 22.49 16.66 5.66 8.28 15.84 8.32 14.86 21.06 13.04 8.31 30.85 18.72 24.24 15.78 8.68 8.62 10.77 30.28 26.24 14.55 20.08 22.66 12.24 4.81 24.31 8.65 20.53 25.54 13.01 13.36 15.08 25.49 12.46 11.54 18.7 28.8 12.03 23.01 7.8 11.12 27.12 27.01 8.49 24.64 15.77 15.66 9.67 28.22 4.39 19.86 21.31 14.27 3.5 18.1 18.82 16.18 14.11 9.32 15.27 15.9 14.99 22.89 12.38 27.13 22.45 7.17 20.48 3.25 7.23 27.75 11.31 24.34 13.7 23.93 14.35 21.63 16.37 
2  23.56 6.52 0.0 27.11 8.17 9.62 17.97 21.2 7.22 18.67 12.28 27.59 5.5 8.66 20.05 3.64 27.35 4.79 25.02 5.76 12.38 20.84 9.85 23.5 11.6 11.81 11.27 21.2 12.74 18.1 23.57 6.77 10.9 28.22 19.15 20.76 9.74 14.53 12.78 6.87 33.65 27.99 18.67 20.46 18.96 6.78 10.94 25.36 2.81 16.58 26.82 17.75 13.2 19.11 29.33 8.94 17.98 21.67 32.37 16.69 20.66 13.51 7.25 25.67 30.28 1.97 26.66 17.61 9.37 10.74 25.69 6.71 24.27 24.11 9.15 4.17 14.67 23.34 11.04 16.93 10.6 18.44 11.64 20.96 21.47 12.32 28.35 21.87 8.29 16.2 3.83 13.17 28.25 17.37 23.96 19.37 25.59 11.85 19.08 11.79 
3  4.41 25.98 27.11 0.0 19.6 27.88 15.62 5.92 27.17 9.9 15.28 9.92 22.94 27.35 7.41 24.99 9.74 22.54 6.75 27.54 17.3 14.36 17.76 3.61 23.25 23.51 17.75 18.82 18.74 12.46 6.85 27.28 17.67 16.53 8.05 18.07 26.9 21.81 18.24 21.75 12.01 2.67 14.56 6.87 18.71 24.53 23.69 1.75 25.74 19.54 0.71 16.98 13.97 14.07 12.21 20.22 25.72 9.39 12.16 17.12 13.74 21.58 21.53 10.46 9.86 27.85 3.81 10.24 28.21 16.66 15.1 21.9 14.27 7.62 23.46 24.31 18.03 14.84 23.47 12.45 16.93 12.04 20.84 22.22 10.46 14.8 1.27 7.75 19.32 20.7 24.93 22.46 3.02 22.55 6.35 20.41 2.79 17.15 14.61 21.75 
4  16.56 10.69 8.17 19.6 0.0 14.05 10.22 13.69 8.12 12.61 6.79 19.43 6.87 13.08 13.12 7.77 21.75 5.11 16.91 8.11 9.23 12.96 5.56 16.04 7.34 13.06 8.12 18.99 10.8 13.2 17.28 8.09 7.46 20.45 11.55 13.56 8.91 14.43 10.49 2.28 27.75 20.85 14.82 12.77 11.97 5.43 12.46 17.86 6.23 9.92 19.41 15.0 5.75 15.06 24.14 2.16 19.16 16.0 26.73 13.99 12.71 13.39 2.21 17.52 24.4 8.43 19.79 11.26 9.78 5.5 17.85 6.88 20.18 18.07 5.68 7.36 7.41 19.51 7.07 11.73 5.7 13.4 5.7 20.11 13.31 5.16 20.86 13.78 5.13 10.01 7.85 13.6 20.41 17.23 15.88 18.01 18.48 3.82 11.2 6.46 
5  23.61 3.48 9.62 27.88 14.05 0.0 24.02 22.62 16.74 18.05 13.17 31.54 7.19 1.02 20.5 6.88 24.68 9.03 28.13 15.36 10.59 26.51 11.13 24.52 20.13 5.04 10.23 15.26 9.31 16.03 22.4 16.32 10.45 33.97 21.09 27.57 19.15 8.02 9.75 14.24 30.89 27.84 15.15 22.43 26.02 15.68 4.49 26.28 11.99 23.94 27.39 13.19 16.13 15.71 25.88 15.88 9.37 19.87 29.31 12.37 26.13 7.48 14.59 29.96 27.75 11.54 26.14 17.66 18.94 12.28 31.33 7.39 19.99 22.48 17.74 6.97 21.46 18.89 19.65 15.58 11.89 16.47 19.35 13.68 25.78 15.16 28.97 25.09 10.04 23.92 6.71 6.65 29.89 10.03 26.87 12.86 25.63 17.62 24.81 19.84 
6  14.93 20.78 17.97 15.62 10.22 24.02 0.0 11.29 14.37 14.51 12.74 10.78 16.91 23.09 12.83 17.99 22.2 15.3 9.99 15.4 16.36 2.93 13.56 13.04 8.94 22.05 15.7 24.55 18.37 16.87 17.24 14.68 15.11 10.27 9.73 3.98 13.06 22.46 17.87 11.1 26.84 17.9 19.41 9.95 3.44 12.36 21.64 14.24 15.46 3.96 15.82 20.76 9.14 19.35 24.97 9.03 27.41 17.55 26.43 20.05 2.97 21.58 10.72 8.69 23.91 17.62 17.76 13.17 14.52 12.66 7.72 16.64 23.31 18.36 10.3 17.57 3.57 23.1 9.37 15.49 13.06 16.79 7.12 26.78 5.48 9.83 16.75 7.88 14.16 5.15 18.07 22.08 14.87 24.83 9.63 24.53 16.05 6.45 1.32 7.65 
7  3.65 20.43 21.2 5.92 13.69 22.62 11.29 0.0 21.39 5.6 9.63 10.45 17.2 21.99 2.7 19.2 10.98 16.69 6.46 21.69 12.15 11.01 12.04 2.34 17.84 18.62 12.39 16.21 13.86 8.59 6.12 21.48 12.2 15.75 2.17 14.56 21.29 17.42 13.32 15.87 15.63 7.31 11.18 1.34 14.68 18.71 18.66 4.17 19.82 14.94 5.72 13.37 8.05 10.84 13.78 14.41 21.85 7.22 15.15 13.18 10.32 16.98 15.66 9.77 12.63 21.93 6.67 5.22 22.54 10.91 13.59 16.23 13.19 7.27 17.8 18.53 12.97 13.32 18.0 7.97 11.2 8.27 15.39 19.27 7.36 8.89 7.18 4.66 13.56 16.02 19.16 17.81 7.32 18.74 5.2 17.19 5.08 11.46 10.61 16.35 
8  24.5 13.44 7.22 27.17 8.12 16.74 14.37 21.39 0.0 20.73 14.74 25.03 11.03 15.75 21.13 10.1 29.87 9.27 23.39 1.58 16.47 17.27 12.98 23.72 5.84 18.09 15.27 26.16 17.56 21.18 25.38 0.48 14.69 24.02 19.22 16.04 2.6 20.37 17.4 5.85 35.87 28.67 22.54 20.31 14.13 2.72 17.28 25.46 4.8 11.67 27.07 22.31 13.76 22.85 32.24 6.98 24.45 24.11 34.85 21.25 17.33 19.29 5.93 22.96 32.52 5.54 27.74 19.38 2.23 13.3 21.74 11.9 28.05 26.19 4.09 10.29 10.81 27.3 5.29 19.75 13.38 21.41 7.25 26.63 19.16 13.26 28.44 20.48 11.87 10.9 10.29 19.19 27.55 23.29 22.59 24.75 26.35 10.05 15.67 6.8 
9  5.56 16.41 18.67 9.9 12.61 18.05 14.51 5.6 20.73 0.0 6.4 16.03 13.81 17.57 2.92 15.96 9.15 13.89 12.05 20.62 7.5 15.19 8.83 6.83 18.64 13.61 8.13 10.77 8.85 2.99 4.89 20.69 8.19 20.95 5.43 18.31 21.31 12.04 8.35 14.89 15.2 9.84 5.62 6.22 17.92 18.03 13.8 8.41 17.99 17.44 9.37 7.76 7.23 5.34 11.61 14.08 16.3 3.45 14.13 7.6 14.52 11.73 14.81 15.2 11.83 19.83 8.24 1.46 22.33 7.96 18.61 12.65 8.81 5.51 17.85 15.26 14.92 8.6 18.63 2.55 8.08 2.69 16.25 13.71 12.13 7.52 10.95 9.87 10.41 18.32 15.87 12.59 12.22 13.17 10.78 11.6 7.58 11.96 14.27 17.25 
10  11.4 10.81 12.28 15.28 6.79 13.17 12.74 9.63 14.74 6.4 0.0 18.47 7.66 12.47 7.95 9.75 15.33 7.52 14.97 14.45 3.63 14.58 2.5 11.74 13.75 9.83 3.19 12.6 5.66 6.44 11.29 14.64 2.77 21.67 7.94 16.7 15.7 9.76 5.15 8.96 21.53 15.84 8.08 9.3 15.67 12.12 9.64 13.58 11.63 14.37 14.9 8.6 3.62 8.29 17.56 8.67 14.7 9.56 20.36 7.7 14.05 8.94 8.96 17.02 18.15 13.43 14.42 5.34 16.54 1.56 19.06 6.62 13.39 11.88 12.42 9.06 11.59 12.73 13.59 5.01 1.7 6.67 11.63 14.29 12.98 2.95 16.48 11.96 4.09 14.93 9.68 9.54 16.94 12.1 13.7 12.07 13.46 7.68 13.09 12.57 
11  12.5 28.8 27.59 9.92 19.43 31.54 10.78 10.45 25.03 16.03 18.47 0.0 25.08 30.76 13.15 26.7 19.45 23.94 4.01 25.93 21.71 8.09 20.42 10.1 19.72 28.21 21.62 26.64 23.63 19.02 15.53 25.3 21.24 6.74 11.0 11.05 23.83 27.47 23.07 20.96 21.74 12.57 21.63 9.89 12.49 22.82 28.09 9.74 25.42 14.35 10.53 23.78 15.44 21.29 22.05 18.95 32.1 17.38 22.04 23.52 7.84 26.9 20.62 2.09 19.78 27.64 13.59 15.43 25.29 19.26 5.98 24.41 23.14 16.58 20.95 26.13 14.27 23.45 20.15 18.26 19.65 18.71 17.8 29.72 6.12 16.43 10.39 6.54 21.63 15.5 26.72 27.65 7.36 29.05 5.25 27.63 12.11 15.8 9.45 18.41 
12  19.04 3.88 5.5 22.94 6.87 7.19 16.91 17.2 11.03 13.81 7.66 25.08 0.0 6.21 15.61 2.18 22.12 1.97 21.97 10.0 6.98 19.49 5.18 19.37 13.28 7.08 5.94 15.75 7.24 12.84 18.65 10.71 5.68 26.98 15.35 20.4 13.07 9.39 7.28 7.25 28.45 23.47 13.21 16.71 18.84 9.28 6.3 21.23 6.4 16.77 22.56 12.25 9.72 13.67 23.98 8.74 13.45 16.54 27.11 11.18 19.15 8.33 7.56 23.36 25.11 7.24 22.0 12.94 13.24 6.29 24.35 1.23 18.79 19.07 11.01 1.48 14.28 17.86 12.85 11.8 6.01 13.21 12.26 15.76 19.12 8.74 24.14 18.84 3.64 16.78 2.07 8.16 24.48 12.3 20.78 14.03 21.11 10.48 17.76 12.83 
13  23.12 2.46 8.66 27.35 13.08 1.02 23.09 21.99 15.75 17.57 12.47 30.76 6.21 0.0 19.95 5.86 24.49 8.03 27.4 14.38 10.08 25.61 10.34 23.95 19.11 5.06 9.62 15.42 8.96 15.68 22.02 15.33 9.8 33.08 20.41 26.61 18.14 8.14 9.36 13.23 30.74 27.4 14.96 21.76 25.05 14.66 4.37 25.73 10.98 22.96 26.87 13.11 15.33 15.52 25.78 14.89 9.99 19.53 29.19 12.24 25.23 7.48 13.58 29.15 27.56 10.59 25.72 17.11 17.95 11.51 30.44 6.49 19.96 22.15 16.72 5.95 20.49 18.87 18.63 15.14 11.13 16.11 18.35 14.05 24.95 14.35 28.46 24.34 9.19 22.92 5.69 6.71 29.29 10.37 26.15 13.08 25.15 16.67 23.9 18.83 
14  3.51 18.57 20.05 7.41 13.12 20.5 12.83 2.7 21.13 2.92 7.95 13.15 15.61 19.95 0.0 17.7 9.52 15.37 9.16 21.24 9.93 13.05 10.45 4.05 18.26 16.28 10.34 13.53 11.49 5.9 4.57 21.16 10.26 18.31 3.14 16.41 21.36 14.88 10.97 15.39 14.93 7.93 8.48 3.51 16.27 18.42 16.39 5.78 18.99 16.17 6.98 10.68 7.38 8.14 12.25 14.22 19.21 4.84 14.15 10.52 12.36 14.51 15.24 12.42 11.68 20.99 6.69 2.85 22.51 9.4 16.06 14.54 10.8 5.62 17.85 17.01 13.89 10.82 18.33 5.38 9.62 5.57 15.8 16.57 9.67 8.01 8.57 7.17 12.03 17.16 17.63 15.36 9.46 16.09 7.9 14.49 5.54 11.61 12.37 16.8 
15  21.15 3.43 3.64 24.99 7.77 6.88 17.99 19.2 10.1 15.96 9.75 26.7 2.18 5.86 17.7 0.0 24.29 2.77 23.74 8.85 9.13 20.7 7.25 21.41 13.27 8.23 8.11 17.6 9.24 15.01 20.81 9.71 7.86 28.2 17.29 21.26 12.38 10.9 9.34 7.5 30.62 25.59 15.31 18.64 19.6 8.81 7.37 23.27 5.29 17.39 24.63 14.24 11.52 15.78 26.12 9.31 14.49 18.72 29.27 13.18 20.41 9.87 7.86 24.91 27.28 5.55 24.14 15.06 12.32 8.32 25.58 3.39 20.87 21.25 10.87 0.7 15.08 19.92 12.78 13.97 8.08 15.38 12.64 17.32 20.66 10.55 26.2 20.58 5.67 17.26 0.2 9.55 26.45 13.74 22.58 15.73 23.22 11.56 18.94 13.06 
16  7.5 23.96 27.35 9.74 21.75 24.68 22.2 10.98 29.87 9.15 15.33 19.45 22.12 24.49 9.52 24.29 0.0 22.58 15.8 29.72 15.19 21.97 17.58 9.84 27.61 19.69 16.19 11.46 15.65 9.28 4.97 29.82 16.48 25.79 12.5 25.55 30.44 17.06 15.34 24.03 6.34 7.41 9.53 12.3 25.62 27.18 20.2 9.73 26.96 25.66 9.06 11.62 16.31 8.97 2.79 23.21 19.51 5.78 5.03 12.33 21.28 17.31 23.96 19.6 3.07 28.68 5.93 10.54 31.47 16.88 24.0 20.9 5.84 3.9 26.96 23.6 23.41 6.83 27.64 10.44 16.92 8.92 25.18 14.89 18.2 16.66 9.78 15.34 19.09 26.67 24.17 18.2 12.72 16.57 14.93 13.73 7.35 20.91 21.58 26.18 
17  18.86 5.61 4.79 22.54 5.11 9.03 15.3 16.69 9.27 13.89 7.52 23.94 1.97 8.03 15.37 2.77 22.58 0.0 21.03 8.36 7.78 17.97 5.07 18.95 11.31 8.98 6.61 17.1 8.47 13.34 18.78 8.98 6.18 25.47 14.72 18.66 11.19 11.1 8.41 5.28 28.87 23.3 14.08 16.06 17.06 7.36 8.22 20.81 4.87 14.93 22.22 13.41 8.86 14.49 24.6 6.85 15.34 16.88 27.6 12.34 17.67 10.03 5.61 22.14 25.5 6.17 21.93 12.86 11.45 5.99 22.85 2.64 19.69 19.32 9.04 2.27 12.51 18.82 10.88 12.15 5.82 13.68 10.34 17.38 17.89 7.91 23.77 17.87 3.5 14.89 2.81 9.95 23.87 14.02 19.88 15.54 20.91 8.85 16.22 10.88 
18  8.61 25.56 25.02 6.75 16.91 28.13 9.99 6.46 23.39 12.05 14.97 4.01 21.97 27.4 9.16 23.74 15.8 21.03 0.0 24.09 18.03 8.07 17.09 6.18 18.58 24.56 18.04 22.63 19.89 15.04 11.63 23.6 17.72 9.99 7.21 11.68 22.56 23.65 19.34 18.7 18.76 9.4 17.64 6.0 12.62 20.96 24.49 6.12 23.09 13.92 7.23 19.81 12.25 17.29 18.49 16.82 28.21 13.39 18.84 19.58 7.53 23.13 18.4 3.8 16.47 25.3 10.1 11.52 23.98 15.91 8.37 21.19 19.2 12.72 19.38 23.13 13.07 19.48 18.92 14.34 16.28 14.72 16.38 25.73 4.51 13.23 7.56 3.16 18.41 15.11 23.74 23.91 5.05 25.13 1.3 23.64 8.49 13.58 8.77 17.15 
19  24.66 12.13 5.76 27.54 8.11 15.36 15.4 21.69 1.58 20.62 14.45 25.93 10.0 14.38 21.24 8.85 29.72 8.36 24.09 0.0 15.85 18.32 12.5 24.03 7.19 16.98 14.65 25.42 16.79 20.84 25.36 1.1 14.11 25.23 19.52 17.31 4.18 19.39 16.68 5.85 35.81 28.92 22.03 20.67 15.4 3.14 16.15 25.82 3.61 12.93 27.4 21.65 13.86 22.38 32.01 7.37 23.31 23.95 34.73 20.58 18.33 18.32 6.03 23.88 32.44 4.0 27.9 19.31 3.61 12.95 22.89 10.96 27.6 26.11 5.15 9.12 11.83 26.81 6.62 19.46 12.99 21.1 8.3 25.72 19.96 13.26 28.81 21.11 11.26 12.24 9.05 18.15 28.09 22.3 23.23 23.91 26.56 10.57 16.67 7.98 
20  13.04 8.98 12.38 17.3 9.23 10.59 16.36 12.15 16.47 7.5 3.63 21.71 6.98 10.08 9.93 9.13 15.19 7.78 18.03 15.85 0.0 18.2 3.67 13.96 16.54 6.53 1.2 9.79 2.03 5.94 12.08 16.27 1.8 25.23 10.84 20.31 17.86 6.13 1.51 11.06 21.53 17.34 6.3 12.12 19.23 14.06 6.52 15.71 12.56 17.82 16.8 5.86 7.25 6.73 17.0 11.34 11.07 9.76 20.15 4.81 17.66 5.34 11.18 20.37 18.21 13.93 15.69 7.08 18.48 3.99 22.63 5.75 11.92 12.35 14.87 8.45 15.04 11.04 16.3 5.13 3.66 6.34 14.64 10.97 16.45 6.54 18.39 15.17 4.6 18.29 8.99 6.0 19.35 8.52 16.74 8.82 15.08 11.01 16.73 15.52 
21  14.5 23.36 20.84 14.36 12.96 26.51 2.93 11.01 17.27 15.19 14.58 8.09 19.49 25.61 13.05 20.7 21.97 17.97 8.07 18.32 18.2 0.0 15.75 12.33 11.74 24.2 17.68 25.68 20.23 17.83 17.13 17.59 17.14 7.5 9.92 3.71 15.86 24.33 19.71 13.98 26.06 16.84 20.47 9.74 4.58 15.29 23.86 13.21 18.37 6.26 14.67 22.07 10.98 20.33 24.76 11.9 29.26 17.88 25.84 21.47 0.69 23.52 13.61 6.02 23.35 20.54 17.0 13.99 17.33 14.75 4.89 19.12 23.81 18.28 13.21 20.24 6.49 23.74 12.2 16.58 15.16 17.68 10.03 28.17 3.92 11.8 15.37 6.79 16.53 7.41 20.76 24.09 13.11 26.53 8.06 25.93 15.28 9.14 1.76 10.51 
22  13.9 8.49 9.85 17.76 5.56 11.13 13.56 12.04 12.98 8.83 2.5 20.42 5.18 10.34 10.45 7.25 17.58 5.07 17.09 12.5 3.67 15.75 0.0 14.2 12.88 8.49 2.57 13.45 5.31 8.43 13.72 12.82 1.9 23.08 10.25 17.41 14.24 9.18 4.95 7.42 23.84 18.34 9.56 11.61 16.16 10.48 8.11 16.05 9.44 14.53 17.39 9.48 5.02 9.89 19.69 7.68 14.08 11.84 22.61 8.45 15.29 8.2 7.52 18.83 20.46 11.1 16.92 7.84 14.92 1.17 20.44 4.19 15.11 14.26 11.21 6.56 11.78 14.33 12.63 7.14 0.84 8.73 11.04 14.58 14.67 4.06 18.96 14.0 1.59 14.9 7.19 8.6 19.34 11.86 15.85 12.46 15.97 7.68 14.14 11.9 
23  2.44 22.49 23.5 3.61 16.04 24.52 13.04 2.34 23.72 6.83 11.74 10.1 19.37 23.95 4.05 21.41 9.84 18.95 6.18 24.03 13.96 12.33 14.2 0.0 20.05 20.32 14.33 16.79 15.54 9.66 5.45 23.81 14.2 16.07 4.51 16.0 23.56 18.86 15.01 18.21 13.82 5.06 12.05 3.45 16.33 21.05 20.44 1.86 22.16 16.83 3.37 14.39 10.38 11.63 12.6 16.74 23.06 7.35 13.52 14.36 11.65 18.53 18.01 9.89 11.02 24.25 4.73 6.89 24.84 13.09 14.17 18.36 13.04 6.55 20.09 20.73 15.03 13.37 20.23 9.36 13.36 9.28 17.61 20.04 8.46 11.2 4.86 5.57 15.74 17.94 21.36 19.38 5.42 19.9 5.16 18.06 3.02 13.75 12.2 18.55 
24  21.3 16.66 11.6 23.25 7.34 20.13 8.94 17.84 5.84 18.64 13.75 19.72 13.28 19.11 18.26 13.27 27.61 11.31 18.58 7.19 16.54 11.74 12.88 20.05 0.0 20.1 15.45 26.23 18.14 19.89 22.78 6.25 14.79 18.22 15.76 10.21 4.12 21.71 17.82 6.06 33.17 25.11 21.81 16.6 8.3 4.84 19.41 21.63 8.78 5.86 23.27 22.23 11.43 21.99 30.21 5.2 26.34 22.09 32.4 21.25 11.89 20.65 5.78 17.63 29.94 10.49 24.48 17.19 5.59 12.68 16.0 13.69 26.92 23.75 2.45 13.17 5.52 26.36 0.58 18.37 12.93 20.01 2.46 27.45 14.15 11.33 24.48 15.94 12.42 5.06 13.43 20.8 23.14 24.54 17.97 25.34 22.92 6.7 10.26 1.5 
25  19.15 5.66 11.81 23.51 13.06 5.04 22.05 18.62 18.09 13.61 9.83 28.21 7.08 5.06 16.28 8.23 19.69 8.98 24.56 16.98 6.53 24.2 8.49 20.32 20.1 0.0 6.64 10.38 4.79 11.3 17.66 17.75 7.11 31.45 17.36 25.87 20.15 3.1 5.31 14.05 25.87 23.24 10.17 18.64 24.56 16.34 0.87 22.0 13.37 22.79 22.97 8.15 13.29 10.74 20.83 15.18 6.37 15.06 24.28 7.36 23.72 2.44 14.32 26.83 22.75 13.76 21.47 13.46 20.31 9.46 28.82 6.43 14.95 17.66 17.94 7.87 20.09 13.85 19.71 11.07 9.05 11.74 18.75 9.33 22.81 12.41 24.54 21.67 8.07 23.02 8.03 1.65 25.74 5.65 23.26 8.11 21.11 16.01 22.61 19.45 
26  13.6 8.28 11.27 17.75 8.12 10.23 15.7 12.39 15.27 8.13 3.19 21.62 5.94 9.62 10.34 8.11 16.19 6.61 18.04 14.65 1.2 17.68 2.57 14.33 15.45 6.64 0.0 10.96 2.78 6.9 12.85 15.07 0.67 24.84 10.91 19.62 16.68 6.78 2.39 9.89 22.52 17.96 7.47 12.23 18.47 12.87 6.48 16.12 11.37 16.96 17.29 7.05 6.71 7.87 18.07 10.25 11.73 10.64 21.17 5.99 17.18 5.88 10.02 20.19 19.18 12.78 16.37 7.51 17.29 3.1 22.23 4.71 13.08 13.21 13.73 7.42 14.18 12.22 15.19 5.92 2.73 7.28 13.6 12.01 16.17 5.9 18.89 15.09 3.4 17.38 7.98 6.41 19.67 9.36 16.76 9.89 15.65 10.12 16.15 14.47 
27  14.67 15.84 21.2 18.82 18.99 15.26 24.55 16.21 26.16 10.77 12.6 26.64 15.75 15.42 13.53 17.6 11.46 17.1 22.63 25.42 9.79 25.68 13.45 16.79 26.23 10.38 10.96 0.0 8.63 7.89 11.97 25.93 11.59 31.72 16.19 28.5 27.64 7.28 8.76 20.85 16.86 17.44 5.22 16.97 27.79 23.82 11.16 17.86 21.96 26.79 18.13 4.01 15.74 5.43 11.62 21.05 8.19 9.51 15.12 5.0 25.04 8.06 20.96 25.94 14.24 22.99 15.57 11.76 28.22 13.56 29.36 14.62 5.69 11.32 24.65 17.03 24.04 4.64 26.02 9.11 13.31 8.11 24.2 3.48 22.87 15.39 19.45 20.64 14.31 27.44 17.41 8.73 21.69 5.58 21.4 2.53 16.04 20.26 24.55 25.13 
28  14.4 8.32 12.74 18.74 10.8 9.31 18.37 13.86 17.56 8.85 5.66 23.63 7.24 8.96 11.49 9.24 15.65 8.47 19.89 16.79 2.03 20.23 5.31 15.54 18.14 4.79 2.78 8.63 0.0 6.73 13.09 17.32 3.44 27.25 12.68 22.31 19.15 4.1 0.55 12.43 21.96 18.56 6.24 13.93 21.2 15.3 4.96 17.22 13.34 19.73 18.21 5.02 9.27 6.76 17.17 12.95 9.05 10.57 20.48 3.95 19.69 3.32 12.6 22.33 18.71 14.45 16.83 8.68 19.65 5.86 24.66 6.05 11.68 13.2 16.33 8.61 16.95 10.7 17.86 6.32 5.5 7.16 16.35 9.31 18.45 8.54 19.79 17.09 5.82 20.16 9.07 4.03 20.95 6.58 18.59 7.27 16.39 12.89 18.75 17.2 
29  8.05 14.86 18.1 12.46 13.2 16.03 16.87 8.59 21.18 2.99 6.44 19.02 12.84 15.68 5.9 15.01 9.28 13.34 15.04 20.84 5.94 17.83 8.43 9.66 19.89 11.3 6.9 7.89 6.73 0.0 6.37 21.07 7.2 23.86 8.32 20.77 22.1 9.36 6.32 15.39 15.62 11.95 2.68 9.19 20.2 18.56 11.62 11.11 17.86 19.46 11.86 4.78 8.6 2.5 11.26 14.97 13.4 3.86 14.28 4.7 17.18 9.2 15.39 18.17 12.28 19.49 10.17 3.86 22.97 7.9 21.47 11.62 7.04 6.48 18.76 14.32 16.8 6.51 19.79 1.52 7.86 0.44 17.61 10.73 14.98 8.56 13.39 12.82 9.88 20.23 14.89 10.1 14.98 10.25 13.77 8.61 9.91 13.39 16.77 18.6 
30  3.03 21.06 23.57 6.85 17.28 22.4 17.24 6.12 25.38 4.89 11.29 15.53 18.65 22.02 4.57 20.81 4.97 18.78 11.63 25.36 12.08 17.13 13.72 5.45 22.78 17.66 12.85 11.97 13.09 6.37 0.0 25.37 12.99 21.49 7.53 20.65 25.77 15.56 12.66 19.57 10.49 5.71 7.97 7.4 20.67 22.67 17.99 6.04 22.84 20.69 6.16 10.41 11.66 7.44 7.74 18.57 19.1 2.69 9.61 10.72 16.44 15.51 19.46 15.33 7.18 24.71 3.86 6.06 26.87 12.85 19.51 17.47 7.65 1.15 22.27 20.12 18.45 8.09 22.84 6.95 12.97 5.93 20.34 15.39 13.45 12.13 7.5 10.65 15.3 21.7 20.71 16.41 9.76 15.95 10.59 13.64 4.06 16.1 16.66 21.33 
31  24.54 13.04 6.77 27.28 8.09 16.32 14.68 21.48 0.48 20.69 14.64 25.3 10.71 15.33 21.16 9.71 29.82 8.98 23.6 1.1 16.27 17.59 12.82 23.81 6.25 17.75 15.07 25.93 17.32 21.07 25.37 0.0 14.5 24.39 19.31 16.42 3.08 20.07 17.18 5.81 35.85 28.75 22.38 20.42 14.51 2.76 16.93 25.57 4.42 12.05 27.17 22.11 13.78 22.7 32.17 7.07 24.1 24.06 34.82 21.04 17.63 18.99 5.92 23.24 32.49 5.07 27.78 19.35 2.62 13.18 22.09 11.61 27.91 26.16 4.38 9.93 11.11 27.15 5.68 19.65 13.25 21.31 7.56 26.35 19.4 13.24 28.55 20.67 11.67 11.31 9.91 18.87 27.71 22.99 22.79 24.49 26.41 10.19 15.97 7.15 
32  13.58 8.31 10.9 17.67 7.46 10.45 15.11 12.2 14.69 8.19 2.77 21.24 5.68 9.8 10.26 7.86 16.48 6.18 17.72 14.11 1.8 17.14 1.9 14.2 14.79 7.11 0.67 11.59 3.44 7.2 12.99 14.5 0.0 24.34 10.64 19.02 16.06 7.41 3.05 9.26 22.8 17.97 7.96 11.97 17.84 12.26 6.88 16.01 10.87 16.31 17.23 7.65 6.18 8.34 18.43 9.59 12.35 10.87 21.48 6.61 16.64 6.49 9.38 19.78 19.44 12.35 16.43 7.47 16.69 2.47 21.71 4.49 13.56 13.39 13.08 7.16 13.54 12.72 14.53 6.12 2.08 7.56 12.94 12.68 15.72 5.34 18.82 14.73 2.85 16.73 7.75 6.98 19.51 10.01 16.45 10.55 15.65 9.47 15.59 13.8 
33  18.51 30.85 28.22 16.53 20.45 33.97 10.27 15.75 24.02 20.95 21.67 6.74 26.98 33.08 18.31 28.2 25.79 25.47 9.99 25.23 25.23 7.5 23.08 16.07 18.22 31.45 24.84 31.72 27.25 23.86 21.49 24.39 24.34 0.0 15.54 8.04 22.23 31.3 26.71 21.36 28.45 19.2 26.53 14.8 9.94 22.34 31.16 16.1 25.67 12.37 17.09 28.43 18.16 26.29 28.48 19.29 36.17 22.96 28.69 27.98 7.84 30.57 20.98 6.2 26.37 27.79 20.06 20.02 23.68 22.02 2.64 26.58 28.91 22.61 20.09 27.74 13.61 29.07 18.75 22.81 22.43 23.62 16.98 34.53 8.93 19.05 17.09 11.14 23.95 13.25 28.26 31.2 14.09 33.29 10.91 32.33 18.48 16.64 9.26 17.25 
34  5.56 18.72 19.15 8.05 11.55 21.09 9.73 2.17 19.22 5.43 7.94 11.0 15.35 20.41 3.14 17.29 12.5 14.72 7.21 19.52 10.84 9.92 10.25 4.51 15.76 17.36 10.91 16.19 12.68 8.32 7.53 19.31 10.64 15.54 0.0 13.27 19.14 16.47 12.13 13.71 17.54 9.47 11.0 1.36 13.16 16.54 17.32 6.31 17.7 13.17 7.88 12.96 5.96 10.76 15.27 12.24 21.11 7.96 16.93 12.6 9.24 15.93 13.5 9.93 14.42 19.82 8.72 4.52 20.39 9.09 13.18 14.44 13.89 8.64 15.65 16.63 11.04 13.85 15.9 7.36 9.41 8.08 13.3 19.03 6.7 6.84 9.32 4.56 11.71 14.2 17.26 16.7 9.16 18.08 5.91 16.85 7.19 9.31 9.23 14.27 
35  18.11 24.24 20.76 18.07 13.56 27.57 3.98 14.56 16.04 18.31 16.7 11.05 20.4 26.61 16.41 21.26 25.55 18.66 11.68 17.31 20.31 3.71 17.41 16.0 10.21 25.87 19.62 28.5 22.31 20.77 20.65 16.42 19.02 8.04 13.27 0.0 14.19 26.39 21.82 13.99 29.76 20.55 23.34 13.26 1.91 14.52 25.43 16.92 18.08 4.37 18.39 24.73 13.11 23.26 28.34 12.0 31.34 21.21 29.51 24.03 4.36 25.5 13.6 9.11 27.01 20.12 20.69 17.02 15.64 16.55 6.04 20.24 27.07 21.8 12.19 20.91 6.18 26.91 10.76 19.42 16.95 20.67 9.2 30.76 7.64 13.77 19.07 10.48 17.89 5.21 21.36 25.98 16.74 28.8 11.75 28.51 18.96 9.98 4.06 9.33 
36  24.59 15.78 9.74 26.9 8.91 19.15 13.06 21.29 2.6 21.31 15.7 23.83 13.07 18.14 21.36 12.38 30.44 11.19 22.56 4.18 17.86 15.86 14.24 23.56 4.12 20.15 16.68 27.64 19.15 22.1 25.77 3.08 16.06 22.23 19.14 14.19 0.0 22.24 18.93 6.82 36.25 28.6 23.7 20.12 12.29 3.87 19.36 25.23 7.16 9.9 26.86 23.71 14.13 23.96 32.91 7.23 26.52 24.75 35.35 22.67 16.01 21.16 6.76 21.74 32.95 8.13 27.82 19.9 1.47 14.37 20.07 13.81 29.08 26.65 3.51 12.5 9.58 28.41 3.68 20.62 14.52 22.29 6.19 28.37 18.18 13.79 28.15 19.82 13.35 8.98 12.57 21.13 26.99 25.15 21.89 26.41 26.33 9.84 14.38 5.44 
37  17.4 8.68 14.53 21.81 14.43 8.02 22.46 17.42 20.37 12.04 9.76 27.47 9.39 8.14 14.88 10.9 17.06 11.1 23.65 19.39 6.13 24.33 9.18 18.86 21.71 3.1 6.78 7.28 4.1 9.36 15.56 20.07 7.41 31.3 16.47 26.39 22.24 0.0 4.62 15.78 23.11 21.25 7.71 17.65 25.25 18.38 3.91 20.42 15.79 23.71 21.22 5.44 13.37 8.28 18.0 16.59 4.95 12.89 21.48 4.87 23.79 1.08 16.0 26.27 20.09 16.44 19.42 12.2 22.55 9.88 28.72 8.47 12.04 15.4 19.72 10.44 20.94 10.93 21.37 9.51 9.49 9.79 20.09 6.42 22.46 12.63 22.76 20.97 9.3 24.08 10.7 1.46 24.25 2.92 22.35 5.02 19.26 16.85 22.85 20.89 
38  13.91 8.62 12.78 18.24 10.49 9.75 17.87 13.32 17.4 8.35 5.15 23.07 7.28 9.36 10.97 9.34 15.34 8.41 19.34 16.68 1.51 19.71 4.95 15.01 17.82 5.31 2.39 8.76 0.55 6.32 12.66 17.18 3.05 26.71 12.13 21.82 18.93 4.62 0.0 12.18 21.66 18.1 6.02 13.38 20.73 15.1 5.45 16.71 13.27 19.29 17.72 5.01 8.76 6.52 16.94 12.62 9.56 10.18 20.21 3.93 19.17 3.87 12.33 21.78 18.39 14.45 16.38 8.15 19.47 5.43 24.12 6.07 11.54 12.8 16.06 8.7 16.51 10.58 17.55 5.84 5.08 6.75 15.99 9.63 17.9 8.05 19.3 16.54 5.59 19.74 9.18 4.58 20.43 7.02 18.04 7.53 15.91 12.46 18.24 16.85 
39  18.81 10.77 6.87 21.75 2.28 14.24 11.1 15.87 5.85 14.89 8.96 20.96 7.25 13.23 15.39 7.5 24.03 5.28 18.7 5.85 11.06 13.98 7.42 18.21 6.06 14.05 9.89 20.85 12.43 15.39 19.57 5.81 9.26 21.36 13.71 13.99 6.82 15.78 12.18 0.0 30.04 23.07 16.89 14.89 12.24 3.17 13.35 20.01 4.46 9.95 21.58 16.9 8.01 17.17 26.4 2.08 20.33 18.27 29.01 15.86 13.83 14.71 0.38 18.99 26.69 6.68 22.04 13.54 7.58 7.57 18.82 7.63 22.32 20.35 3.94 7.28 7.84 21.62 5.66 13.94 7.71 15.61 5.15 21.73 14.86 7.44 23.02 15.62 6.62 9.77 7.63 14.81 22.43 18.66 17.75 19.7 20.71 5.17 12.22 5.61 
40  12.0 30.28 33.65 12.01 27.75 30.89 26.84 15.63 35.87 15.2 21.53 21.74 28.45 30.74 14.93 30.62 6.34 28.87 18.76 35.81 21.53 26.06 23.84 13.82 33.17 25.87 22.52 16.86 21.96 15.62 10.49 35.85 22.8 28.45 17.54 29.76 36.25 23.11 21.66 30.04 0.0 9.36 15.79 16.97 30.15 33.15 26.41 12.88 33.16 30.56 11.55 17.73 22.15 15.23 5.24 29.06 25.04 11.99 1.77 18.52 25.4 23.46 29.94 22.46 3.38 34.94 9.09 16.5 37.36 23.09 27.11 27.23 11.24 9.69 32.75 29.94 28.57 12.35 33.26 16.72 23.16 15.25 30.71 20.06 22.14 22.61 11.36 19.28 25.37 31.65 30.5 24.33 14.39 22.29 18.26 19.31 10.81 26.53 26.02 31.7 
41  4.44 26.24 27.99 2.67 20.85 27.84 17.9 7.31 28.67 9.84 15.84 12.57 23.47 27.4 7.93 25.59 7.41 23.3 9.4 28.92 17.34 16.84 18.34 5.06 25.11 23.24 17.96 17.44 18.56 11.95 5.71 28.75 17.97 19.2 9.47 20.55 28.6 21.25 18.1 23.07 9.36 0.0 13.68 8.51 21.08 25.98 23.51 3.66 26.86 21.76 2.19 16.12 15.11 13.15 9.72 21.7 24.79 8.4 9.49 16.42 16.19 21.15 22.89 13.12 7.22 28.89 1.88 10.54 29.85 17.32 17.76 22.37 12.47 6.14 25.12 24.9 20.06 13.18 25.29 12.26 17.53 11.51 22.67 20.9 12.91 15.84 2.37 10.11 19.93 22.9 25.51 22.05 5.41 21.65 8.91 19.27 2.4 18.77 16.96 23.61 
42  10.19 14.55 18.67 14.56 14.82 15.15 19.41 11.18 22.54 5.62 8.08 21.63 13.21 14.96 8.48 15.31 9.53 14.08 17.64 22.03 6.3 20.47 9.56 12.05 21.81 10.17 7.47 5.22 6.24 2.68 7.97 22.38 7.96 26.53 11.0 23.34 23.7 7.71 6.02 16.89 15.79 13.68 0.0 11.84 22.69 20.01 10.66 13.36 18.83 21.83 13.92 2.44 10.82 0.57 10.94 16.74 11.17 5.28 14.27 2.85 19.82 7.83 16.94 20.82 12.61 20.23 11.82 6.54 24.45 9.33 24.14 11.98 5.62 7.71 20.48 14.66 19.12 4.77 21.67 3.92 9.18 2.93 19.63 8.1 17.66 10.61 15.38 15.49 10.8 22.54 15.16 8.73 17.24 8.0 16.37 6.03 11.87 15.51 19.36 20.6 
43  4.99 20.08 20.46 6.87 12.77 22.43 9.95 1.34 20.31 6.22 9.3 9.89 16.71 21.76 3.51 18.64 12.3 16.06 6.0 20.67 12.12 9.74 11.61 3.45 16.6 18.64 12.23 16.97 13.93 9.19 7.4 20.42 11.97 14.8 1.36 13.26 20.12 17.65 13.38 14.89 16.97 8.51 11.84 0.0 13.34 17.66 18.62 5.15 18.95 13.6 6.76 13.92 7.27 11.55 15.09 13.35 22.22 8.28 16.49 13.63 9.05 17.14 14.66 8.98 13.97 21.09 7.98 5.54 21.39 10.45 12.55 15.8 14.26 8.55 16.65 17.99 11.66 14.32 16.78 8.37 10.77 8.91 14.16 19.92 6.19 8.17 8.14 3.67 13.07 14.68 18.61 17.93 7.81 19.16 4.7 17.79 6.35 10.32 9.29 15.1 
44  18.3 22.66 18.96 18.71 11.97 26.02 3.44 14.68 14.13 17.92 15.67 12.49 18.84 25.05 16.27 19.6 25.62 17.06 12.62 15.4 19.23 4.58 16.16 16.33 8.3 24.56 18.47 27.79 21.2 20.2 20.67 14.51 17.84 9.94 13.16 1.91 12.29 25.25 20.73 12.24 30.15 21.08 22.69 13.34 0.0 12.64 24.07 17.43 16.25 2.47 18.96 23.93 12.16 22.66 28.4 10.3 30.19 20.98 29.79 23.18 5.09 24.32 11.86 10.47 27.28 18.26 21.06 16.56 13.74 15.37 7.85 18.76 26.73 21.79 10.3 19.27 4.56 26.5 8.84 18.79 15.76 20.14 7.35 29.88 8.29 12.72 19.78 10.98 16.52 3.32 19.71 24.75 17.65 27.75 12.51 27.64 19.34 8.56 4.13 7.44 
45  21.79 12.24 6.78 24.53 5.43 15.68 12.36 18.71 2.72 18.03 12.12 22.82 9.28 14.66 18.42 8.81 27.18 7.36 20.96 3.14 14.06 15.29 10.48 21.05 4.84 16.34 12.87 23.82 15.3 18.56 22.67 2.76 12.26 22.34 16.54 14.52 3.87 18.38 15.1 3.17 33.15 25.98 20.01 17.66 12.64 0.0 15.57 22.81 3.97 10.19 24.41 19.92 11.05 20.3 29.56 4.31 22.7 21.43 32.15 18.87 15.27 17.3 3.22 20.77 29.81 5.69 25.03 16.67 4.44 10.71 19.94 9.97 25.47 23.48 2.43 8.84 8.81 24.76 4.27 17.11 10.83 18.78 5.36 24.51 16.83 10.55 25.79 17.98 9.51 9.64 8.99 17.29 24.99 21.29 20.11 22.55 23.65 7.46 13.61 5.23 
46  19.36 4.81 10.94 23.69 12.46 4.49 21.64 18.66 17.28 13.8 9.64 28.09 6.3 4.37 16.39 7.37 20.2 8.22 24.49 16.15 6.52 23.86 8.11 20.44 19.41 0.87 6.48 11.16 4.96 11.62 17.99 16.93 6.88 31.16 17.32 25.43 19.36 3.91 5.45 13.35 26.41 23.51 10.66 18.62 24.07 15.57 0.0 22.15 12.54 22.25 23.17 8.74 13.01 11.23 21.43 14.55 7.17 15.43 24.85 7.9 23.4 3.13 13.63 26.66 23.26 12.89 21.77 13.55 19.5 9.13 28.53 5.72 15.59 18.04 17.22 7.03 19.57 14.5 19.01 11.28 8.72 12.06 18.13 10.19 22.6 12.11 24.74 21.56 7.56 22.44 7.17 2.44 25.84 6.51 23.21 8.93 21.35 15.52 22.25 18.8 
47  3.19 24.31 25.36 1.75 17.86 26.28 14.24 4.17 25.46 8.41 13.58 9.74 21.23 25.73 5.78 23.27 9.73 20.81 6.12 25.82 15.71 13.21 16.05 1.86 21.63 22.0 16.12 17.86 17.22 11.11 6.04 25.57 16.01 16.1 6.31 16.92 25.23 20.42 16.71 20.01 12.88 3.66 13.36 5.15 17.43 22.81 22.15 0.0 24.0 18.12 1.63 15.75 12.22 12.9 12.38 18.5 24.47 8.35 12.81 15.81 12.56 20.14 19.8 9.92 10.38 26.1 3.98 8.63 26.53 14.95 14.45 20.21 13.67 6.99 21.79 22.59 16.49 14.13 21.84 10.97 15.21 10.71 19.21 21.2 9.28 13.05 3.01 6.45 17.6 19.26 23.21 21.01 3.88 21.31 5.41 19.31 2.38 15.46 13.3 20.14 
48  22.48 8.65 2.81 25.74 6.23 11.99 15.46 19.82 4.8 17.99 11.63 25.42 6.4 10.98 18.99 5.29 26.96 4.87 23.09 3.61 12.56 18.37 9.44 22.16 8.78 13.37 11.37 21.96 13.34 17.86 22.84 4.42 10.87 25.67 17.7 18.08 7.16 15.79 13.27 4.46 33.16 26.86 18.83 18.95 16.25 3.97 12.54 24.0 0.0 13.85 25.52 18.27 11.78 19.21 29.12 6.51 19.71 21.19 31.99 17.19 18.25 14.73 4.81 23.45 29.78 2.22 25.67 16.79 7.03 10.08 23.17 7.41 24.43 23.5 6.34 5.52 12.07 23.59 8.23 16.56 10.04 18.16 8.91 22.15 19.31 11.02 27.0 19.98 8.04 13.43 5.49 14.55 26.64 18.7 22.1 20.37 24.47 9.62 16.63 9.0 
49  18.58 20.53 16.58 19.54 9.92 23.94 3.96 14.94 11.67 17.44 14.37 14.35 16.77 22.96 16.17 17.39 25.66 14.93 13.92 12.93 17.82 6.26 14.53 16.83 5.86 22.79 16.96 26.79 19.73 19.46 20.69 12.05 16.31 12.37 13.17 4.37 9.9 23.71 19.29 9.95 30.56 21.76 21.83 13.6 2.47 10.19 22.25 18.12 13.85 0.0 19.71 22.85 11.05 21.85 28.41 8.09 28.61 20.68 30.07 22.03 6.58 22.74 9.57 12.28 27.55 15.83 21.52 16.02 11.36 13.87 10.17 16.79 26.22 21.78 7.83 17.1 2.79 25.89 6.39 17.99 14.24 19.45 4.94 28.67 9.43 11.46 20.68 11.82 14.71 1.19 17.51 23.1 18.83 26.31 13.6 26.44 19.84 6.85 5.15 4.97 
50  3.83 25.54 26.82 0.71 19.41 27.39 15.82 5.72 27.07 9.37 14.9 10.53 22.56 26.87 6.98 24.63 9.06 22.22 7.23 27.4 16.8 14.67 17.39 3.37 23.27 22.97 17.29 18.13 18.21 11.86 6.16 27.17 17.23 17.09 7.88 18.39 26.86 21.22 17.72 21.58 11.55 2.19 13.92 6.76 18.96 24.41 23.17 1.63 25.52 19.71 0.0 16.34 13.74 13.42 11.56 20.1 25.08 8.72 11.62 16.5 14.04 21.01 21.38 10.98 9.28 27.61 3.12 9.78 28.15 16.31 15.6 21.51 13.56 6.92 23.41 23.95 18.11 14.14 23.48 11.9 16.56 11.44 20.85 21.54 10.75 14.54 1.59 7.98 18.96 20.86 24.57 21.9 3.72 21.92 6.73 19.75 2.1 17.08 14.85 21.77 
51  12.6 13.01 17.75 16.98 15.0 13.19 20.76 13.37 22.31 7.76 8.6 23.78 12.25 13.11 10.68 14.24 11.62 13.41 19.81 21.65 5.86 22.07 9.48 14.39 22.23 8.15 7.05 4.01 5.02 4.78 10.41 22.11 7.65 28.43 12.96 24.73 23.71 5.44 5.01 16.9 17.73 16.12 2.44 13.92 23.93 19.92 8.74 15.75 18.27 22.85 16.34 0.0 11.82 2.97 12.69 17.05 8.74 7.72 16.13 1.08 21.45 5.73 17.0 22.87 14.67 19.45 14.25 8.44 24.33 9.55 25.98 11.06 6.87 10.11 20.67 13.63 20.09 5.82 22.02 5.62 9.31 5.13 20.19 6.12 19.51 11.42 17.81 17.51 10.44 23.47 14.07 6.61 19.63 5.57 18.53 3.9 14.3 16.27 20.85 21.12 
52  10.81 13.36 13.2 13.97 5.75 16.13 9.14 8.05 13.76 7.23 3.62 15.44 9.72 15.33 7.38 11.52 16.31 8.86 12.25 13.86 7.25 10.98 5.02 10.38 11.43 13.29 6.71 15.74 9.27 8.6 11.66 13.78 6.18 18.16 5.96 13.11 14.13 13.37 8.76 8.01 22.15 15.11 10.82 7.27 12.16 11.05 13.01 12.22 11.78 11.05 13.74 11.82 0.0 10.89 18.84 6.92 18.32 10.68 21.22 11.03 10.47 12.54 7.86 13.82 18.83 13.88 14.04 5.79 15.21 3.9 15.53 8.98 15.59 12.52 10.65 10.89 8.31 15.12 11.4 7.09 4.3 8.67 9.07 17.73 9.66 0.99 15.23 9.11 6.19 11.73 11.51 13.11 15.07 15.69 11.07 15.48 12.74 4.8 9.48 10.07 
53  9.72 15.08 19.11 14.07 15.06 15.71 19.35 10.84 22.85 5.34 8.29 21.29 13.67 15.52 8.14 15.78 8.97 14.49 17.29 22.38 6.73 20.33 9.89 11.63 21.99 10.74 7.87 5.43 6.76 2.5 7.44 22.7 8.34 26.29 10.76 23.26 23.96 8.28 6.52 17.17 15.23 13.15 0.57 11.55 22.66 20.3 11.23 12.9 19.21 21.85 13.42 2.97 10.89 0.0 10.42 16.96 11.68 4.75 13.73 3.42 19.68 8.4 17.21 20.53 12.04 20.65 11.28 6.35 24.74 9.6 23.93 12.43 5.23 7.15 20.71 15.12 19.17 4.46 21.86 3.87 9.47 2.68 19.78 8.44 17.44 10.73 14.87 15.21 11.17 22.6 15.64 9.31 16.78 8.52 16.04 6.43 11.36 15.63 19.26 20.75 
54  10.28 25.49 29.33 12.21 24.14 25.88 24.97 13.78 32.24 11.61 17.56 22.05 23.98 25.78 12.25 26.12 2.79 24.6 18.49 32.01 17.0 24.76 19.69 12.6 30.21 20.83 18.07 11.62 17.17 11.26 7.74 32.17 18.43 28.48 15.27 28.34 32.91 18.0 16.94 26.4 5.24 9.72 10.94 15.09 28.4 29.56 21.43 12.38 29.12 28.41 11.56 12.69 18.84 10.42 0.0 25.69 19.81 8.17 3.51 13.55 24.08 18.41 26.35 22.29 3.18 30.75 8.47 13.04 33.91 19.09 26.73 22.74 6.03 6.63 29.46 25.45 26.12 7.15 30.22 12.57 19.09 10.96 27.79 14.84 20.99 19.12 12.08 18.12 21.14 29.4 25.98 19.27 15.12 17.07 17.66 14.08 10.0 23.51 24.37 28.79 
55  17.54 12.46 8.94 20.22 2.16 15.88 9.03 14.41 6.98 14.08 8.67 18.95 8.74 14.89 14.22 9.31 23.21 6.85 16.82 7.37 11.34 11.9 7.68 16.74 5.2 15.18 10.25 21.05 12.95 14.97 18.57 7.07 9.59 19.29 12.24 12.0 7.23 16.59 12.62 2.08 29.06 21.7 16.74 13.35 10.3 4.31 14.55 18.5 6.51 8.09 20.1 17.05 6.92 16.96 25.69 0.0 21.31 17.52 28.13 16.06 11.75 15.55 1.71 16.96 25.74 8.71 20.78 12.67 8.3 7.51 16.75 8.9 22.0 19.43 3.8 9.01 5.82 21.38 4.97 13.48 7.74 15.14 3.58 22.25 12.87 6.57 21.48 13.78 7.29 8.04 9.43 15.75 20.72 19.4 15.91 20.14 19.37 3.23 10.15 4.3 
56  21.34 11.54 17.98 25.72 19.16 9.37 27.41 21.85 24.45 16.3 14.7 32.1 13.45 9.99 19.21 14.49 19.51 15.34 28.21 23.31 11.07 29.26 14.08 23.06 26.34 6.37 11.73 8.19 9.05 13.4 19.1 24.1 12.35 36.17 21.11 31.34 26.52 4.95 9.56 20.33 25.04 24.79 11.17 22.22 30.19 22.7 7.17 24.47 19.71 28.61 25.08 8.74 18.32 11.68 19.81 21.31 0.0 16.42 23.31 8.7 28.71 5.88 20.58 30.99 22.38 19.95 22.92 16.69 26.67 14.82 33.61 12.76 13.84 18.71 24.25 14.19 25.85 12.76 25.98 13.89 14.43 13.78 24.86 5.24 27.29 17.58 26.54 25.65 14.05 28.95 14.29 5.56 28.35 3.17 26.91 5.78 23.04 21.76 27.8 25.61 
57  5.16 18.7 21.67 9.39 16.0 19.87 17.55 7.22 24.11 3.45 9.56 17.38 16.54 19.53 4.84 18.72 5.78 16.88 13.39 23.95 9.76 17.88 11.84 7.35 22.09 15.06 10.64 9.51 10.57 3.86 2.69 24.06 10.87 22.96 7.96 21.21 24.75 12.89 10.18 18.27 11.99 8.4 5.28 8.28 20.98 21.43 15.43 8.35 21.19 20.68 8.72 7.72 10.68 4.75 8.17 17.52 16.42 0.0 10.8 8.03 17.2 12.86 18.21 16.93 8.62 22.94 6.55 4.9 25.75 11.11 20.8 15.34 5.98 2.62 21.3 18.03 18.24 6.11 22.08 4.75 11.17 3.44 19.69 12.85 14.47 10.96 10.14 11.87 13.38 21.61 18.61 13.77 12.2 13.27 12.23 11.03 6.64 15.4 17.16 20.69 
58  11.5 28.8 32.37 12.16 26.73 29.31 26.43 15.15 34.85 14.13 20.36 22.04 27.11 29.19 14.15 29.27 5.03 27.6 18.84 34.73 20.15 25.84 22.61 13.52 32.4 24.28 21.17 15.12 20.48 14.28 9.61 34.82 21.48 28.69 16.93 29.51 35.35 21.48 20.21 29.01 1.77 9.49 14.27 16.49 29.79 32.15 24.85 12.81 31.99 30.07 11.62 16.13 21.22 13.73 3.51 28.13 23.31 10.8 0.0 16.95 25.17 21.86 28.93 22.6 2.52 33.71 8.87 15.48 36.41 21.91 27.21 25.88 9.54 8.7 31.86 28.59 27.96 10.66 32.46 15.47 21.95 13.93 29.95 18.3 21.95 21.62 11.68 19.07 24.12 31.12 29.14 22.73 14.76 20.59 18.22 17.59 10.58 25.72 25.68 30.94 
59  12.71 12.03 16.69 17.12 13.99 12.37 20.05 13.18 21.25 7.6 7.7 23.52 11.18 12.24 10.52 13.18 12.33 12.34 19.58 20.58 4.81 21.47 8.45 14.36 21.25 7.36 5.99 5.0 3.95 4.7 10.72 21.04 6.61 27.98 12.6 24.03 22.67 4.87 3.93 15.86 18.52 16.42 2.85 13.63 23.18 18.87 7.9 15.81 17.19 22.03 16.5 1.08 11.03 3.42 13.55 16.06 8.7 8.03 16.95 0.0 20.86 4.99 15.97 22.53 15.39 18.38 14.57 8.1 23.28 8.57 25.49 9.99 7.83 10.53 19.66 12.56 19.26 6.81 21.03 5.26 8.32 5.1 19.24 6.73 19.04 10.57 18.0 17.16 9.38 22.62 13.02 5.89 19.68 5.57 18.29 4.48 14.5 15.38 20.19 20.16 
60  13.81 23.01 20.66 13.74 12.71 26.13 2.97 10.32 17.33 14.52 14.05 7.84 19.15 25.23 12.36 20.41 21.28 17.67 7.53 18.33 17.66 0.69 15.29 11.65 11.89 23.72 17.18 25.04 19.69 17.18 16.44 17.63 16.64 7.84 9.24 4.36 16.01 23.79 19.17 13.83 25.4 16.19 19.82 9.05 5.09 15.27 23.4 12.56 18.25 6.58 14.04 21.45 10.47 19.68 24.08 11.75 28.71 17.2 25.17 20.86 0.0 22.99 13.46 5.76 22.67 20.43 16.33 13.34 17.48 14.27 5.2 18.74 23.13 17.59 13.25 19.93 6.53 23.07 12.33 15.94 14.68 17.03 10.08 27.56 3.28 11.31 14.76 6.12 16.12 7.76 20.47 23.58 12.56 25.96 7.45 25.32 14.61 8.89 1.66 10.62 
61  17.18 7.8 13.51 21.58 13.39 7.48 21.58 16.98 19.29 11.73 8.94 26.9 8.33 7.48 14.51 9.87 17.31 10.03 23.13 18.32 5.34 23.52 8.2 18.53 20.65 2.44 5.88 8.06 3.32 9.2 15.51 18.99 6.49 30.57 15.93 25.5 21.16 1.08 3.87 14.71 23.46 21.15 7.83 17.14 24.32 17.3 3.13 20.14 14.73 22.74 21.01 5.73 12.54 8.4 18.41 15.55 5.88 12.86 21.86 4.99 22.99 0.0 14.93 25.64 20.37 15.4 19.34 11.76 21.47 8.95 27.97 7.39 12.51 15.43 18.65 9.4 19.98 11.42 20.31 9.18 8.56 9.64 19.06 7.45 21.77 11.77 22.56 20.37 8.26 23.09 9.68 0.91 23.94 4.0 21.83 5.93 19.09 15.89 22.01 19.84 
62  18.65 11.12 7.25 21.53 2.21 14.59 10.72 15.66 5.93 14.81 8.96 20.62 7.56 13.58 15.24 7.86 23.96 5.61 18.4 6.03 11.18 13.61 7.52 18.01 5.78 14.32 10.02 20.96 12.6 15.39 19.46 5.92 9.38 20.98 13.5 13.6 6.76 16.0 12.33 0.38 29.94 22.89 16.94 14.66 11.86 3.22 13.63 19.8 4.81 9.57 21.38 17.0 7.86 17.21 26.35 1.71 20.58 18.21 28.93 15.97 13.46 14.93 0.0 18.64 26.59 7.02 21.88 13.45 7.58 7.61 18.44 7.92 22.35 20.26 3.74 7.64 7.46 21.66 5.4 13.93 7.77 15.6 4.78 21.9 14.53 7.33 22.8 15.33 6.79 9.4 7.99 15.05 22.17 18.87 17.46 19.86 20.54 4.84 11.85 5.27 
63  12.33 27.12 25.67 10.46 17.52 29.96 8.69 9.77 22.96 15.2 17.02 2.09 23.36 29.15 12.42 24.91 19.6 22.14 3.8 23.88 20.37 6.02 18.83 9.89 17.63 26.83 20.19 25.94 22.33 18.17 15.33 23.24 19.78 6.2 9.93 9.11 21.74 26.27 21.78 18.99 22.46 13.12 20.82 8.98 10.47 20.77 26.66 9.92 23.45 12.28 10.98 22.87 13.82 20.53 22.29 16.96 30.99 16.93 22.6 22.53 5.76 25.64 18.64 0.0 20.24 25.67 13.89 14.44 23.21 17.69 4.68 22.74 22.82 16.44 18.88 24.36 12.19 23.03 18.06 17.28 18.09 17.89 15.72 28.9 4.25 14.8 11.14 5.37 19.98 13.44 24.94 26.36 8.31 28.0 4.74 26.76 12.29 13.84 7.37 16.32 
64  8.98 27.01 30.28 9.86 24.4 27.75 23.91 12.63 32.52 11.83 18.15 19.78 25.11 27.56 11.68 27.28 3.07 25.5 16.47 32.44 18.21 23.35 20.46 11.02 29.94 22.75 19.18 14.24 18.71 12.28 7.18 32.49 19.44 26.37 14.42 27.01 32.95 20.09 18.39 26.69 3.38 7.22 12.61 13.97 27.28 29.81 23.26 10.38 29.78 27.55 9.28 14.67 18.83 12.04 3.18 25.74 22.38 8.62 2.52 15.39 22.67 20.37 26.59 20.24 0.0 31.56 6.41 13.14 34.04 19.71 24.82 23.89 8.56 6.33 29.45 26.59 25.46 9.62 30.01 13.36 19.78 11.9 27.49 17.6 19.47 19.26 9.51 16.58 22.0 28.61 27.16 21.26 12.6 19.5 15.8 16.6 8.12 23.27 23.17 28.48 
65  24.49 8.49 1.97 27.85 8.43 11.54 17.62 21.93 5.54 19.83 13.43 27.64 7.24 10.59 20.99 5.55 28.68 6.17 25.3 4.0 13.93 20.54 11.1 24.25 10.49 13.76 12.78 22.99 14.45 19.49 24.71 5.07 12.35 27.79 19.82 20.12 8.13 16.44 14.45 6.68 34.94 28.89 20.23 21.09 18.26 5.69 12.89 26.1 2.22 15.83 27.61 19.45 13.88 20.65 30.75 8.71 19.95 22.94 33.71 18.38 20.43 15.4 7.02 25.67 31.56 0.0 27.65 18.68 7.59 11.87 25.32 8.4 25.85 25.32 8.12 6.01 14.19 24.96 9.92 18.24 11.78 19.81 10.92 22.85 21.53 13.07 29.11 22.19 9.61 15.33 5.74 15.09 28.81 19.29 24.3 21.22 26.49 11.84 18.8 10.9 
66  3.24 24.64 26.66 3.81 19.79 26.14 17.76 6.67 27.74 8.24 14.42 13.59 22.0 25.72 6.69 24.14 5.93 21.93 10.1 27.9 15.69 17.0 16.92 4.73 24.48 21.47 16.37 15.57 16.83 10.17 3.86 27.78 16.43 20.06 8.72 20.69 27.82 19.42 16.38 22.04 9.09 1.88 11.82 7.98 21.06 25.03 21.77 3.98 25.67 21.52 3.12 14.25 14.04 11.28 8.47 20.78 22.92 6.55 8.87 14.57 16.33 19.34 21.88 13.89 6.41 27.65 0.0 9.08 29.03 15.94 18.43 20.87 10.67 4.26 24.32 23.44 19.63 11.34 24.62 10.58 16.12 9.73 22.02 19.02 13.1 14.69 4.01 10.22 18.51 22.63 24.05 20.25 6.81 19.77 9.38 17.38 1.73 17.99 16.93 22.99 
67  6.12 15.77 17.61 10.24 11.26 17.66 13.17 5.22 19.38 1.46 5.34 15.43 12.94 17.11 2.85 15.06 10.54 12.86 11.52 19.31 7.08 13.99 7.84 6.89 17.19 13.46 7.51 11.76 8.68 3.86 6.06 19.35 7.47 20.02 4.52 17.02 19.9 12.2 8.15 13.54 16.5 10.54 6.54 5.54 16.56 16.67 13.55 8.63 16.79 16.02 9.78 8.44 5.79 6.35 13.04 12.67 16.69 4.9 15.48 8.1 13.34 11.76 13.45 14.44 13.14 18.68 9.08 0.0 20.94 6.87 17.61 11.83 10.21 6.81 16.43 14.37 13.48 9.94 17.18 2.84 7.04 3.69 14.79 14.51 11.13 6.13 11.37 9.07 9.43 16.88 14.98 12.59 12.29 13.62 10.22 12.34 8.19 10.5 12.99 15.8 
68  25.79 15.66 9.37 28.21 9.78 18.94 14.52 22.54 2.23 22.33 16.54 25.29 13.24 17.95 22.51 12.32 31.47 11.45 23.98 3.61 18.48 17.33 14.92 24.84 5.59 20.31 17.29 28.22 19.65 22.97 26.87 2.62 16.69 23.68 20.39 15.64 1.47 22.55 19.47 7.58 37.36 29.85 24.45 21.39 13.74 4.44 19.5 26.53 7.03 11.36 28.15 24.33 15.21 24.74 33.91 8.3 26.67 25.75 36.41 23.28 17.48 21.47 7.58 23.21 34.04 7.59 29.03 20.94 0.0 15.15 21.54 14.08 29.91 27.72 4.74 12.52 11.04 29.19 5.15 21.51 15.27 23.18 7.6 28.78 19.61 14.81 29.46 21.21 13.91 10.43 12.52 21.38 28.37 25.47 23.28 26.87 27.57 11.08 15.84 6.89 
69  12.88 9.67 10.74 16.66 5.5 12.28 12.66 10.91 13.3 7.96 1.56 19.26 6.29 11.51 9.4 8.32 16.88 5.99 15.91 12.95 3.99 14.75 1.17 13.09 12.68 9.46 3.1 13.56 5.86 7.9 12.85 13.18 2.47 22.02 9.09 16.55 14.37 9.88 5.43 7.57 23.09 17.32 9.33 10.45 15.37 10.71 9.13 14.95 10.08 13.87 16.31 9.55 3.9 9.6 19.09 7.51 14.82 11.11 21.91 8.57 14.27 8.95 7.61 17.69 19.71 11.87 15.94 6.87 15.15 0.0 19.39 5.35 14.76 13.45 11.18 7.64 11.09 14.05 12.47 6.52 0.41 8.16 10.69 14.95 13.55 2.97 17.88 12.83 2.65 14.32 8.27 9.43 18.2 12.44 14.68 12.77 14.94 7.04 13.17 11.59 
70  16.58 28.22 25.69 15.1 17.85 31.33 7.72 13.59 21.74 18.61 19.06 5.98 24.35 30.44 16.06 25.58 24.0 22.85 8.37 22.89 22.63 4.89 20.44 14.17 16.0 28.82 22.23 29.36 24.66 21.47 19.51 22.09 21.71 2.64 13.18 6.04 20.07 28.72 24.12 18.82 27.11 17.76 24.14 12.55 7.85 19.94 28.53 14.45 23.17 10.17 15.6 25.98 15.53 23.93 26.73 16.75 33.61 20.8 27.21 25.49 5.2 27.97 18.44 4.68 24.82 25.32 18.43 17.61 21.54 19.39 0.0 23.94 26.78 20.65 17.74 25.12 11.15 26.87 16.51 20.37 19.8 21.25 14.6 32.09 6.49 16.42 15.82 8.94 21.31 11.16 25.65 28.6 12.98 30.76 9.08 29.88 16.78 14.03 6.65 14.94 
71  17.95 4.39 6.71 21.9 6.88 7.39 16.64 16.23 11.9 12.65 6.62 24.41 1.23 6.49 14.54 3.39 20.9 2.64 21.19 10.96 5.75 19.12 4.19 18.36 13.69 6.43 4.71 14.62 6.05 11.62 17.47 11.61 4.49 26.58 14.44 20.24 13.81 8.47 6.07 7.63 27.23 22.37 11.98 15.8 18.76 9.97 5.72 20.21 7.41 16.79 21.51 11.06 8.98 12.43 22.74 8.9 12.76 15.34 25.88 9.99 18.74 7.39 7.92 22.74 23.89 8.4 20.87 11.83 14.08 5.35 23.94 0.0 17.57 17.88 11.52 2.71 14.2 16.64 13.29 10.6 5.03 11.99 12.47 14.76 18.52 7.99 23.09 18.08 2.78 16.89 3.27 7.32 23.53 11.39 19.98 12.97 20.02 10.27 17.41 13.11 
72  10.66 19.86 24.27 14.27 20.18 19.99 23.31 13.19 28.05 8.81 13.39 23.14 18.79 19.96 10.8 20.87 5.84 19.69 19.2 27.6 11.92 23.81 15.11 13.04 26.92 14.95 13.08 5.69 11.68 7.04 7.65 27.91 13.56 28.91 13.89 27.07 29.08 12.04 11.54 22.32 11.24 12.47 5.62 14.26 26.73 25.47 15.59 13.67 24.43 26.22 13.56 6.87 15.59 5.23 6.03 22.0 13.84 5.98 9.54 7.83 23.13 12.51 22.35 22.82 8.56 25.85 10.67 10.21 29.91 14.76 26.78 17.57 0.0 6.69 25.78 20.23 23.65 1.12 26.83 8.55 14.66 6.92 24.63 9.06 20.45 15.59 14.67 17.84 16.39 27.07 20.72 13.35 17.27 11.05 18.09 8.08 11.52 20.39 23.01 25.62 
73  4.11 21.31 24.11 7.62 18.07 22.48 18.36 7.27 26.19 5.51 11.88 16.58 19.07 22.15 5.62 21.25 3.9 19.32 12.72 26.11 12.35 18.28 14.26 6.55 23.75 17.66 13.21 11.32 13.2 6.48 1.15 26.16 13.39 22.61 8.64 21.8 26.65 15.4 12.8 20.35 9.69 6.14 7.71 8.55 21.79 23.48 18.04 6.99 23.5 21.78 6.92 10.11 12.52 7.15 6.63 19.43 18.71 2.62 8.7 10.53 17.59 15.43 20.26 16.44 6.33 25.32 4.26 6.81 27.72 13.45 20.65 17.88 6.69 0.0 23.16 20.55 19.51 7.22 23.79 7.28 13.54 6.05 21.31 14.77 14.61 12.93 8.15 11.8 15.82 22.78 21.14 16.34 10.6 15.58 11.7 13.13 4.85 17.05 17.8 22.31 
74  21.09 14.27 9.15 23.46 5.68 17.74 10.3 17.8 4.09 17.85 12.42 20.95 11.01 16.72 17.85 10.87 26.96 9.04 19.38 5.15 14.87 13.21 11.21 20.09 2.45 17.94 13.73 24.65 16.33 18.76 22.27 4.38 13.08 20.09 15.65 12.19 3.51 19.72 16.06 3.94 32.75 25.12 20.48 16.65 10.3 2.43 17.22 21.79 6.34 7.83 23.41 20.67 10.65 20.71 29.46 3.8 24.25 21.3 31.86 19.66 13.25 18.65 3.74 18.88 29.45 8.12 24.32 16.43 4.74 11.18 17.74 11.52 25.78 23.16 0.0 10.8 6.73 25.15 1.92 17.27 11.38 18.93 3.18 25.64 15.1 10.35 24.72 16.53 10.53 7.23 11.03 18.74 23.67 22.6 18.63 23.59 22.84 6.35 11.59 2.86 
75  20.46 3.5 4.17 24.31 7.36 6.97 17.57 18.53 10.29 15.26 9.06 26.13 1.48 5.95 17.01 0.7 23.6 2.27 23.13 9.12 8.45 20.24 6.56 20.73 13.17 7.87 7.42 17.03 8.61 14.32 20.12 9.93 7.16 27.74 16.63 20.91 12.5 10.44 8.7 7.28 29.94 24.9 14.66 17.99 19.27 8.84 7.03 22.59 5.52 17.1 23.95 13.63 10.89 15.12 25.45 9.01 14.19 18.03 28.59 12.56 19.93 9.4 7.64 24.36 26.59 6.01 23.44 14.37 12.52 7.64 25.12 2.71 20.23 20.55 10.8 0.0 14.73 19.28 12.7 13.28 7.39 14.69 12.42 16.85 20.11 9.92 25.52 19.97 4.99 17.01 0.63 9.12 25.79 13.31 21.96 15.21 22.53 11.12 18.49 12.88 
76  16.57 18.1 14.67 18.03 7.41 21.46 3.57 12.97 10.81 14.92 11.59 14.27 14.28 20.49 13.89 15.08 23.41 12.51 13.07 11.83 15.04 6.49 11.78 15.03 5.52 20.09 14.18 24.04 16.95 16.8 18.45 11.11 13.54 13.61 11.04 6.18 9.58 20.94 16.51 7.84 28.57 20.06 19.12 11.66 4.56 8.81 19.57 16.49 12.07 2.79 18.11 20.09 8.31 19.17 26.12 5.82 25.85 18.24 27.96 19.26 6.53 19.98 7.46 12.19 25.46 14.19 19.63 13.48 11.04 11.09 11.15 14.2 23.65 19.51 6.73 14.73 0.0 23.27 5.9 15.32 11.46 16.82 3.55 25.88 8.62 8.68 19.23 10.53 12.02 3.43 15.18 20.36 17.71 23.53 12.5 23.66 17.99 4.09 4.86 4.14 
77  11.04 18.82 23.34 14.84 19.51 18.89 23.1 13.32 27.3 8.6 12.73 23.45 17.86 18.87 10.82 19.92 6.83 18.82 19.48 26.81 11.04 23.74 14.33 13.37 26.36 13.85 12.22 4.64 10.7 6.51 8.09 27.15 12.72 29.07 13.85 26.91 28.41 10.93 10.58 21.62 12.35 13.18 4.77 14.32 26.5 24.76 14.5 14.13 23.59 25.89 14.14 5.82 15.12 4.46 7.15 21.38 12.76 6.11 10.66 6.81 23.07 11.42 21.66 23.03 9.62 24.96 11.34 9.94 29.19 14.05 26.87 16.64 1.12 7.22 25.15 19.28 23.27 0.0 26.25 8.03 13.93 6.46 24.11 8.06 20.49 15.05 15.32 17.95 15.57 26.7 19.76 12.25 17.81 9.94 18.33 6.99 12.07 19.9 22.87 25.09 
78  21.42 16.18 11.04 23.47 7.07 19.65 9.37 18.0 5.29 18.63 13.59 20.15 12.85 18.63 18.33 12.78 27.64 10.88 18.92 6.62 16.3 12.2 12.63 20.23 0.58 19.71 15.19 26.02 17.86 19.79 22.84 5.68 14.53 18.75 15.9 10.76 3.68 21.37 17.55 5.66 33.26 25.29 21.67 16.78 8.84 4.27 19.01 21.84 8.23 6.39 23.48 22.02 11.4 21.86 30.22 4.97 25.98 22.08 32.46 21.03 12.33 20.31 5.4 18.06 30.01 9.92 24.62 17.18 5.15 12.47 16.51 13.29 26.83 23.79 1.92 12.7 5.9 26.25 0.0 18.28 12.71 19.93 2.63 27.17 14.51 11.26 24.71 16.24 12.11 5.62 12.94 20.44 23.43 24.23 18.28 25.08 23.08 6.74 10.69 1.78 
79  8.08 14.11 16.93 12.45 11.73 15.58 15.49 7.97 19.75 2.55 5.01 18.26 11.8 15.14 5.38 13.97 10.44 12.15 14.34 19.46 5.13 16.58 7.14 9.36 18.37 11.07 5.92 9.11 6.32 1.52 6.95 19.65 6.12 22.81 7.36 19.42 20.62 9.51 5.84 13.94 16.72 12.26 3.92 8.37 18.79 17.11 11.28 10.97 16.56 17.99 11.9 5.62 7.09 3.87 12.57 13.48 13.89 4.75 15.47 5.26 15.94 9.18 13.93 17.28 13.36 18.24 10.58 2.84 21.51 6.52 20.37 10.6 8.55 7.28 17.27 13.28 15.32 8.03 18.28 0.0 6.52 1.67 16.1 11.72 13.9 7.04 13.47 11.91 8.65 18.75 13.86 10.04 14.77 10.79 13.04 9.52 10.07 11.88 15.45 17.08 
80  13.09 9.32 10.6 16.93 5.7 11.89 13.06 11.2 13.38 8.08 1.7 19.65 6.01 11.13 9.62 8.08 16.92 5.82 16.28 12.99 3.66 15.16 0.84 13.36 12.93 9.05 2.73 13.31 5.5 7.86 12.97 13.25 2.08 22.43 9.41 16.95 14.52 9.49 5.08 7.71 23.16 17.53 9.18 10.77 15.76 10.83 8.72 15.21 10.04 14.24 16.56 9.31 4.3 9.47 19.09 7.74 14.43 11.17 21.95 8.32 14.68 8.56 7.77 18.09 19.78 11.78 16.12 7.04 15.27 0.41 19.8 5.03 14.66 13.54 11.38 7.39 11.46 13.93 12.71 6.52 0.0 8.14 10.98 14.63 13.95 3.38 18.13 13.21 2.4 14.67 8.01 9.03 18.5 12.08 15.04 12.47 15.15 7.39 13.58 11.87 
81  7.63 15.27 18.44 12.04 13.4 16.47 16.79 8.27 21.41 2.69 6.67 18.71 13.21 16.11 5.57 15.38 8.92 13.68 14.72 21.1 6.34 17.68 8.73 9.28 20.01 11.74 7.28 8.11 7.16 0.44 5.93 21.31 7.56 23.62 8.08 20.67 22.29 9.79 6.75 15.61 15.25 11.51 2.93 8.91 20.14 18.78 12.06 10.71 18.16 19.45 11.44 5.13 8.67 2.68 10.96 15.14 13.78 3.44 13.93 5.1 17.03 9.64 15.6 17.89 11.9 19.81 9.73 3.69 23.18 8.16 21.25 11.99 6.92 6.05 18.93 14.69 16.82 6.46 19.93 1.67 8.14 0.0 17.71 11.02 14.76 8.67 12.96 12.56 10.2 20.25 15.26 10.54 14.58 10.63 13.46 8.92 9.47 13.47 16.66 18.7 
82  18.84 15.9 11.64 20.84 5.7 19.35 7.12 15.39 7.25 16.25 11.63 17.8 12.26 18.35 15.8 12.64 25.18 10.34 16.38 8.3 14.64 10.03 11.04 17.61 2.46 18.75 13.6 24.2 16.35 17.61 20.34 7.56 12.94 16.98 13.3 9.2 6.19 20.09 15.99 5.15 30.71 22.67 19.63 14.16 7.35 5.36 18.13 19.21 8.91 4.94 20.85 20.19 9.07 19.78 27.79 3.58 24.86 19.69 29.95 19.24 10.08 19.06 4.78 15.72 27.49 10.92 22.02 14.79 7.6 10.69 14.6 12.47 24.63 21.31 3.18 12.42 3.55 24.11 2.63 16.1 10.98 17.71 0.0 25.6 12.02 9.06 22.08 13.64 10.81 4.63 12.78 19.3 20.83 22.86 15.7 23.45 20.47 4.29 8.41 1.0 
83  18.0 14.99 20.96 22.22 20.11 13.68 26.78 19.27 26.63 13.71 14.29 29.72 15.76 14.05 16.57 17.32 14.89 17.38 25.73 25.72 10.97 28.17 14.58 20.04 27.45 9.33 12.01 3.48 9.31 10.73 15.39 26.35 12.68 34.53 19.03 30.76 28.37 6.42 9.63 21.73 20.06 20.9 8.1 19.92 29.88 24.51 10.19 21.2 22.15 28.67 21.54 6.12 17.73 8.44 14.84 22.25 5.24 12.85 18.3 6.73 27.56 7.45 21.9 28.9 17.6 22.85 19.02 14.51 28.78 14.95 32.09 14.76 9.06 14.77 25.64 16.85 25.88 8.06 27.17 11.72 14.63 11.02 25.6 0.0 25.61 17.22 22.88 23.55 15.11 29.2 17.12 7.81 25.05 3.7 24.47 2.25 19.44 21.93 26.92 26.47 
84  10.7 22.89 21.47 10.46 13.31 25.78 5.48 7.36 19.16 12.13 12.98 6.12 19.12 24.95 9.67 20.66 18.2 17.89 4.51 19.96 16.45 3.92 14.67 8.46 14.15 22.81 16.17 22.87 18.45 14.98 13.45 19.4 15.72 8.93 6.7 7.64 18.18 22.46 17.9 14.86 22.14 12.91 17.66 6.19 8.29 16.83 22.6 9.28 19.31 9.43 10.75 19.51 9.66 17.44 20.99 12.87 27.29 14.47 21.95 19.04 3.28 21.77 14.53 4.25 19.47 21.53 13.1 11.13 19.61 13.55 6.49 18.52 20.45 14.61 15.1 20.11 8.62 20.49 14.51 13.9 13.95 14.76 12.02 25.61 0.0 10.62 11.5 2.89 15.77 10.62 20.69 22.45 9.42 24.38 4.22 23.41 11.37 9.69 4.3 12.74 
85  11.48 12.38 12.32 14.8 5.16 15.16 9.83 8.89 13.26 7.52 2.95 16.43 8.74 14.35 8.01 10.55 16.66 7.91 13.23 13.26 6.54 11.8 4.06 11.2 11.33 12.41 5.9 15.39 8.54 8.56 12.13 13.24 5.34 19.05 6.84 13.77 13.79 12.63 8.05 7.44 22.61 15.84 10.61 8.17 12.72 10.55 12.11 13.05 11.02 11.46 14.54 11.42 0.99 10.73 19.12 6.57 17.58 10.96 21.62 10.57 11.31 11.77 7.33 14.8 19.26 13.07 14.69 6.13 14.81 2.97 16.42 7.99 15.59 12.93 10.35 9.92 8.68 15.05 11.26 7.04 3.38 8.67 9.06 17.22 10.62 0.0 16.05 10.1 5.21 12.06 10.54 12.3 15.98 15.04 12.05 14.98 13.45 4.9 10.26 10.04 
86  5.39 27.13 28.35 1.27 20.86 28.97 16.75 7.18 28.44 10.95 16.48 10.39 24.14 28.46 8.57 26.2 9.78 23.77 7.56 28.81 18.39 15.37 18.96 4.86 24.48 24.54 18.89 19.45 19.79 13.39 7.5 28.55 18.82 17.09 9.32 19.07 28.15 22.76 19.3 23.02 11.36 2.37 15.38 8.14 19.78 25.79 24.74 3.01 27.0 20.68 1.59 17.81 15.23 14.87 12.08 21.48 26.54 10.14 11.68 18.0 14.76 22.56 22.8 11.14 9.51 29.11 4.01 11.37 29.46 17.88 15.82 23.09 14.67 8.15 24.72 25.52 19.23 15.32 24.71 13.47 18.13 12.96 22.08 22.88 11.5 16.05 0.0 8.86 20.53 21.85 26.14 23.45 3.09 23.38 7.32 21.14 3.51 18.41 15.7 22.98 
87  7.84 22.45 21.87 7.75 13.78 25.09 7.88 4.66 20.48 9.87 11.96 6.54 18.84 24.34 7.17 20.58 15.34 17.87 3.16 21.11 15.17 6.79 14.0 5.57 15.94 21.67 15.09 20.64 17.09 12.82 10.65 20.67 14.73 11.14 4.56 10.48 19.82 20.97 16.54 15.62 19.28 10.11 15.49 3.67 10.98 17.98 21.56 6.45 19.98 11.82 7.98 17.51 9.11 15.21 18.12 13.78 25.65 11.87 19.07 17.16 6.12 20.37 15.33 5.37 16.58 22.19 10.22 9.07 21.21 12.83 8.94 18.08 17.84 11.8 16.53 19.97 10.53 17.95 16.24 11.91 13.21 12.56 13.64 23.55 2.89 10.1 8.86 0.0 15.29 13.0 20.58 21.12 7.2 22.64 2.13 21.4 8.49 10.55 6.87 14.47 
88  15.49 7.17 8.29 19.32 5.13 10.04 14.16 13.56 11.87 10.41 4.09 21.63 3.64 9.19 12.03 5.67 19.09 3.5 18.41 11.26 4.6 16.53 1.59 15.74 12.42 8.07 3.4 14.31 5.82 9.88 15.3 11.67 2.85 23.95 11.71 17.89 13.35 9.3 5.59 6.62 25.37 19.93 10.8 13.07 16.52 9.51 7.56 17.6 8.04 14.71 18.96 10.44 6.19 11.17 21.14 7.29 14.05 13.38 24.12 9.38 16.12 8.26 6.79 19.98 22.0 9.61 18.51 9.43 13.91 2.65 21.31 2.78 16.39 15.82 10.53 4.99 12.02 15.57 12.11 8.65 2.4 10.2 10.81 15.11 15.77 5.21 20.53 15.29 0.0 14.96 5.62 8.49 20.84 12.12 17.2 13.08 17.55 7.96 14.86 11.59 
89  19.65 20.48 16.2 20.7 10.01 23.92 5.15 16.02 10.9 18.32 14.93 15.5 16.78 22.92 17.16 17.26 26.67 14.89 15.11 12.24 18.29 7.41 14.9 17.94 5.06 23.02 17.38 27.44 20.16 20.23 21.7 11.31 16.73 13.25 14.2 5.21 8.98 24.08 19.74 9.77 31.65 22.9 22.54 14.68 3.32 9.64 22.44 19.26 13.43 1.19 20.86 23.47 11.73 22.6 29.4 8.04 28.95 21.61 31.12 22.62 7.76 23.09 9.4 13.44 28.61 15.33 22.63 16.88 10.43 14.32 11.16 16.89 27.07 22.78 7.23 17.01 3.43 26.7 5.62 18.75 14.67 20.25 4.63 29.2 10.62 12.06 21.85 13.0 14.96 0.0 17.39 23.41 20.02 26.74 14.78 26.99 20.95 7.28 6.35 4.43 
90  21.08 3.25 3.83 24.93 7.85 6.71 18.07 19.16 10.29 15.87 9.68 26.72 2.07 5.69 17.63 0.2 24.17 2.81 23.74 9.05 8.99 20.76 7.19 21.36 13.43 8.03 7.98 17.41 9.07 14.89 20.71 9.91 7.75 28.26 17.26 21.36 12.57 10.7 9.18 7.63 30.5 25.51 15.16 18.61 19.71 8.99 7.17 23.21 5.49 17.51 24.57 14.07 11.51 15.64 25.98 9.43 14.29 18.61 29.14 13.02 20.47 9.68 7.99 24.94 27.16 5.74 24.05 14.98 12.52 8.27 25.65 3.27 20.72 21.14 11.03 0.63 15.18 19.76 12.94 13.86 8.01 15.26 12.78 17.12 20.69 10.54 26.14 20.58 5.62 17.39 0.0 9.35 26.41 13.54 22.57 15.54 23.14 11.63 19.01 13.2 
91  18.07 7.23 13.17 22.46 13.6 6.65 22.08 17.81 19.19 12.59 9.54 27.65 8.16 6.71 15.36 9.55 18.2 9.95 23.91 18.15 6.0 24.09 8.6 19.38 20.8 1.65 6.41 8.73 4.03 10.1 16.41 18.87 6.98 31.2 16.7 25.98 21.13 1.46 4.58 14.81 24.33 22.05 8.73 17.93 24.75 17.29 2.44 21.01 14.55 23.1 21.9 6.61 13.11 9.31 19.27 15.75 5.56 13.77 22.73 5.89 23.58 0.91 15.05 26.36 21.26 15.09 20.25 12.59 21.38 9.43 28.6 7.32 13.35 16.34 18.74 9.12 20.36 12.25 20.44 10.04 9.03 10.54 19.3 7.81 22.45 12.3 23.45 21.12 8.49 23.41 9.35 0.0 24.8 4.19 22.61 6.48 19.99 16.27 22.56 20.05 
92  7.06 27.75 28.25 3.02 20.41 29.89 14.87 7.32 27.55 12.22 16.94 7.36 24.48 29.29 9.46 26.45 12.72 23.87 5.05 28.09 19.35 13.11 19.34 5.42 23.14 25.74 19.67 21.69 20.95 14.98 9.76 27.71 19.51 14.09 9.16 16.74 26.99 24.25 20.43 22.43 14.39 5.41 17.24 7.81 17.65 24.99 25.84 3.88 26.64 18.83 3.72 19.63 15.07 16.78 15.12 20.72 28.35 12.2 14.76 19.68 12.56 23.94 22.17 8.31 12.6 28.81 6.81 12.29 28.37 18.2 12.98 23.53 17.27 10.6 23.67 25.79 17.71 17.81 23.43 14.77 18.5 14.58 20.83 25.05 9.42 15.98 3.09 7.2 20.84 20.02 26.41 24.8 0.0 25.19 5.24 23.18 5.75 17.53 13.71 21.67 
93  18.17 11.31 17.37 22.55 17.23 10.03 24.83 18.74 23.29 13.17 12.1 29.05 12.3 10.37 16.09 13.74 16.57 14.02 25.13 22.3 8.52 26.53 11.86 19.9 24.54 5.65 9.36 5.58 6.58 10.25 15.95 22.99 10.01 33.29 18.08 28.8 25.15 2.92 7.02 18.66 22.29 21.65 8.0 19.16 27.75 21.29 6.51 21.31 18.7 26.31 21.92 5.57 15.69 8.52 17.07 19.4 3.17 13.27 20.59 5.57 25.96 4.0 18.87 28.0 19.5 19.29 19.77 13.62 25.47 12.44 30.76 11.39 11.05 15.58 22.6 13.31 23.53 9.94 24.23 10.79 12.08 10.63 22.86 3.7 24.38 15.04 23.38 22.64 12.12 26.74 13.54 4.19 25.19 0.0 23.84 3.06 19.87 19.47 25.13 23.68 
94  7.59 24.34 23.96 6.35 15.88 26.87 9.63 5.2 22.59 10.78 13.7 5.25 20.78 26.15 7.9 22.58 14.93 19.88 1.3 23.23 16.74 8.06 15.85 5.16 17.97 23.26 16.76 21.4 18.59 13.77 10.59 22.79 16.45 10.91 5.91 11.75 21.89 22.35 18.04 17.75 18.26 8.91 16.37 4.7 12.51 20.11 23.21 5.41 22.1 13.6 6.73 18.53 11.07 16.04 17.66 15.91 26.91 12.23 18.22 18.29 7.45 21.83 17.46 4.74 15.8 24.3 9.38 10.22 23.28 14.68 9.08 19.98 18.09 11.7 18.63 21.96 12.5 18.33 18.28 13.04 15.04 13.46 15.7 24.47 4.22 12.05 7.32 2.13 17.2 14.78 22.57 22.61 5.24 23.84 0.0 22.37 7.71 12.68 8.5 16.51 
95  16.12 13.7 19.37 20.41 18.01 12.86 24.53 17.19 24.75 11.6 12.07 27.63 14.03 13.08 14.49 15.73 13.73 15.54 23.64 23.91 8.82 25.93 12.46 18.06 25.34 8.11 9.89 2.53 7.27 8.61 13.64 24.49 10.55 32.33 16.85 28.51 26.41 5.02 7.53 19.7 19.31 19.27 6.03 17.79 27.64 22.55 8.93 19.31 20.37 26.44 19.75 3.9 15.48 6.43 14.08 20.14 5.78 11.03 17.59 4.48 25.32 5.93 19.86 26.76 16.6 21.22 17.38 12.34 26.87 12.77 29.88 12.97 8.08 13.13 23.59 15.21 23.66 6.99 25.08 9.52 12.47 8.92 23.45 2.25 23.41 14.98 21.14 21.4 13.08 26.99 15.54 6.48 23.18 3.06 22.37 0.0 17.67 19.72 24.67 24.34 
96  2.07 23.93 25.59 2.79 18.48 25.63 16.05 5.08 26.35 7.58 13.46 12.11 21.11 25.15 5.54 23.22 7.35 20.91 8.49 26.56 15.08 15.28 15.97 3.02 22.92 21.11 15.65 16.04 16.39 9.91 4.06 26.41 15.65 18.48 7.19 18.96 26.33 19.26 15.91 20.71 10.81 2.4 11.87 6.35 19.34 23.65 21.35 2.38 24.47 19.84 2.1 14.3 12.74 11.36 10.0 19.37 23.04 6.64 10.58 14.5 14.61 19.09 20.54 12.29 8.12 26.49 1.73 8.19 27.57 14.94 16.78 20.02 11.52 4.85 22.84 22.53 17.99 12.07 23.08 10.07 15.15 9.47 20.47 19.44 11.37 13.45 3.51 8.49 17.55 20.95 23.14 19.99 5.75 19.87 7.71 17.67 0.0 16.5 15.21 21.42 
97  14.77 14.35 11.85 17.15 3.82 17.62 6.45 11.46 10.05 11.96 7.68 15.8 10.48 16.67 11.61 11.56 20.91 8.85 13.58 10.57 11.01 9.14 7.68 13.75 6.7 16.01 10.12 20.26 12.89 13.39 16.1 10.19 9.47 16.64 9.31 9.98 9.84 16.85 12.46 5.17 26.53 18.77 15.51 10.32 8.56 7.46 15.52 15.46 9.62 6.85 17.08 16.27 4.8 15.63 23.51 3.23 21.76 15.4 25.72 15.38 8.89 15.89 4.84 13.84 23.27 11.84 17.99 10.5 11.08 7.04 14.03 10.27 20.39 17.05 6.35 11.12 4.09 19.9 6.74 11.88 7.39 13.47 4.29 21.93 9.69 4.9 18.41 10.55 7.96 7.28 11.63 16.27 17.53 19.47 12.68 19.72 16.5 0.0 7.38 5.29 
98  14.21 21.63 19.08 14.61 11.2 24.81 1.32 10.61 15.67 14.27 13.09 9.45 17.76 23.9 12.37 18.94 21.58 16.22 8.77 16.67 16.73 1.76 14.14 12.2 10.26 22.61 16.15 24.55 18.75 16.77 16.66 15.97 15.59 9.26 9.23 4.06 14.38 22.85 18.24 12.22 26.02 16.96 19.36 9.29 4.13 13.61 22.25 13.3 16.63 5.15 14.85 20.85 9.48 19.26 24.37 10.15 27.8 17.16 25.68 20.19 1.66 22.01 11.85 7.37 23.17 18.8 16.93 12.99 15.84 13.17 6.65 17.41 23.01 17.8 11.59 18.49 4.86 22.87 10.69 15.45 13.58 16.66 8.41 26.92 4.3 10.26 15.7 6.87 14.86 6.35 19.01 22.56 13.71 25.13 8.5 24.67 15.21 7.38 0.0 8.97 
99  19.81 16.37 11.79 21.75 6.46 19.84 7.65 16.35 6.8 17.25 12.57 18.41 12.83 18.83 16.8 13.06 26.18 10.88 17.15 7.98 15.52 10.51 11.9 18.55 1.5 19.45 14.47 25.13 17.2 18.6 21.33 7.15 13.8 17.25 14.27 9.33 5.44 20.89 16.85 5.61 31.7 23.61 20.6 15.1 7.44 5.23 18.8 20.14 9.0 4.97 21.77 21.12 10.07 20.75 28.79 4.3 25.61 20.69 30.94 20.16 10.62 19.84 5.27 16.32 28.48 10.9 22.99 15.8 6.89 11.59 14.94 13.11 25.62 22.31 2.86 12.88 4.14 25.09 1.78 17.08 11.87 18.7 1.0 26.47 12.74 10.04 22.98 14.47 11.59 4.43 13.2 20.05 21.67 23.68 16.51 24.34 21.42 5.29 8.97 0.0 
; 
