param n:= 102; 
param m:= 4; 
param t_max:= 85.0; 
param: utility:= 
0 0
1 26
2 29
3 27
4 31
5 27
6 36
7 30
8 28
9 36
10 26
11 41
12 35
13 26
14 27
15 13
16 19
17 16
18 16
19 12
20 19
21 23
22 20
23 19
24 12
25 17
26 11
27 18
28 17
29 16
30 16
31 21
32 23
33 11
34 14
35 16
36 18
37 16
38 13
39 14
40 18
41 18
42 13
43 19
44 20
45 25
46 25
47 15
48 25
49 18
50 13
51 14
52 23
53 16
54 11
55 15
56 22
57 20
58 11
59 12
60 17
61 10
62 7
63 3
64 5
65 9
66 8
67 2
68 9
69 3
70 6
71 9
72 8
73 5
74 8
75 9
76 5
77 5
78 7
79 1
80 10
81 9
82 2
83 6
84 7
85 3
86 10
87 9
88 6
89 5
90 9
91 8
92 3
93 6
94 7
95 9
96 3
97 1
98 2
99 10
100 9
101 0
; 
param time: 0 1 2 3 4 5 6 7 8 9 10 11 12 13 14 15 16 17 18 19 20 21 22 23 24 25 26 27 28 29 30 31 32 33 34 35 36 37 38 39 40 41 42 43 44 45 46 47 48 49 50 51 52 53 54 55 56 57 58 59 60 61 62 63 64 65 66 67 68 69 70 71 72 73 74 75 76 77 78 79 80 81 82 83 84 85 86 87 88 89 90 91 92 93 94 95 96 97 98 99 100 101 := 
0  0.0 20.62 36.06 17.46 33.97 34.21 27.8 43.93 17.8 21.38 27.59 23.02 35.36 18.38 12.04 22.36 25.0 32.02 25.5 33.54 15.0 11.18 32.02 29.15 15.81 32.02 18.03 26.93 11.18 5.0 6.32 25.5 34.0 24.76 36.06 42.43 31.89 29.15 16.97 4.47 22.8 9.06 25.5 25.5 49.93 40.5 43.86 39.66 22.47 27.78 15.65 19.7 25.55 23.32 21.1 9.0 20.25 14.87 15.26 17.2 24.04 15.23 18.0 11.18 21.21 26.25 30.41 30.41 31.62 30.0 33.54 29.83 41.04 41.4 21.21 11.18 28.86 25.5 34.18 35.47 26.93 11.31 30.46 29.21 23.19 18.03 34.93 46.52 12.17 21.1 20.12 24.6 31.06 21.1 24.33 19.24 32.25 25.61 18.38 21.26 17.49 0.0 
1  20.62 0.0 47.17 27.2 48.47 26.93 22.09 39.05 8.49 41.98 46.65 8.06 16.28 17.69 11.4 42.72 41.23 50.0 33.54 35.36 35.36 15.81 20.0 11.18 11.18 30.0 31.62 36.06 30.0 22.36 26.93 39.05 43.83 43.91 55.9 26.93 16.49 12.04 36.24 22.02 42.01 21.38 6.71 29.41 66.47 54.82 57.7 56.64 34.93 38.95 36.06 40.16 45.69 17.0 7.07 12.08 6.71 11.66 7.62 13.45 12.37 32.2 23.85 10.0 20.62 13.93 29.15 10.0 46.1 50.25 50.99 50.45 59.41 32.7 11.18 25.5 35.47 20.12 28.16 22.2 44.05 17.69 48.51 42.05 24.76 4.47 40.8 47.0 27.8 34.06 31.78 35.36 50.99 41.59 4.12 24.6 40.31 11.0 10.63 9.85 6.4 20.62 
2  36.06 47.17 0.0 52.77 8.6 69.35 63.03 79.81 38.95 34.01 49.0 42.54 52.63 29.97 36.4 40.0 15.0 55.0 60.42 69.46 30.41 32.02 40.31 47.43 49.5 68.01 18.03 11.18 26.93 40.31 34.93 57.01 67.05 47.04 50.99 50.0 44.91 59.08 42.76 31.62 24.08 28.32 47.01 61.4 72.34 68.26 12.0 63.03 13.6 8.49 37.48 38.05 43.05 58.0 52.01 41.73 41.59 35.51 39.66 34.0 39.22 46.17 23.32 39.05 57.01 58.9 25.0 55.9 60.83 31.62 18.03 38.08 60.53 76.38 38.08 25.0 13.15 31.78 32.06 68.25 53.34 47.2 19.7 7.28 24.04 47.8 69.86 82.37 45.69 54.08 16.28 12.04 47.38 32.02 51.11 55.23 66.48 42.38 37.12 39.4 40.82 36.06 
3  17.46 27.2 52.77 0.0 49.41 23.35 18.0 29.68 29.73 28.18 24.08 33.54 43.42 34.13 25.5 25.0 40.0 25.3 8.06 17.03 25.5 27.02 44.94 38.28 16.28 17.89 34.93 44.27 26.08 12.65 18.03 12.04 17.46 22.0 34.13 53.71 42.94 28.65 16.76 21.84 34.71 26.48 33.84 9.22 39.82 27.66 59.2 30.53 39.4 44.78 20.59 23.77 26.31 16.76 22.67 17.72 30.87 28.64 26.57 31.58 36.4 10.44 35.23 22.8 11.18 22.85 47.01 34.06 19.1 38.01 46.69 34.48 34.54 30.08 33.84 28.46 46.32 40.61 49.65 29.27 18.97 9.85 43.19 45.65 40.01 22.8 17.46 29.68 7.81 7.21 37.34 41.79 30.0 29.15 29.0 5.0 15.0 36.67 31.32 33.24 28.23 17.46 
4  33.97 48.47 8.6 49.41 0.0 68.12 61.72 77.79 40.8 27.29 42.3 45.12 56.32 32.56 37.16 33.38 9.43 48.26 56.6 66.4 25.08 32.7 45.04 50.64 48.83 65.8 17.0 15.13 23.43 37.54 31.4 52.0 62.24 40.61 43.29 55.44 49.04 59.93 37.34 29.83 17.26 27.78 49.48 58.41 65.03 61.98 9.9 56.08 13.6 11.05 31.95 31.78 36.12 57.01 52.35 41.05 43.68 37.0 40.85 36.14 42.43 41.59 25.5 39.36 55.17 58.83 30.81 57.87 55.08 23.54 9.43 30.27 53.08 75.29 40.79 23.85 18.68 36.0 38.08 68.26 47.3 45.28 11.4 7.0 28.0 48.3 65.86 79.06 41.88 49.65 16.76 14.04 40.01 25.32 52.55 52.5 62.18 45.54 39.29 41.98 42.38 33.97 
5  34.21 26.93 69.35 23.35 68.12 0.0 6.4 12.17 34.54 50.92 47.04 34.93 38.21 42.94 34.13 48.27 59.2 47.17 22.36 15.0 46.96 38.01 46.53 36.06 20.0 8.06 51.62 59.03 45.22 31.38 38.08 32.25 29.97 45.18 57.01 51.09 42.11 18.11 40.02 38.29 55.95 41.04 32.25 16.12 57.94 44.38 77.99 50.45 55.87 60.88 43.32 46.84 49.65 11.4 19.92 27.66 33.53 36.24 32.2 38.91 39.29 33.73 47.43 31.06 13.42 13.15 55.54 26.17 38.08 60.75 67.42 57.72 55.73 7.21 37.95 44.55 59.64 46.82 55.08 10.0 41.05 23.02 64.14 62.94 50.12 23.77 23.02 22.14 30.36 29.0 53.08 57.38 53.15 51.62 25.18 18.44 25.5 37.66 36.77 36.69 32.31 34.21 
6  27.8 22.09 63.03 18.0 61.72 6.4 0.0 17.46 29.12 44.92 42.05 30.15 35.17 37.16 28.18 42.58 52.8 42.76 18.79 14.76 40.72 31.91 42.05 32.14 13.89 8.25 45.25 52.8 38.83 25.06 31.76 28.16 27.8 40.0 52.09 47.68 38.05 15.65 34.37 31.89 49.65 34.71 28.02 12.53 55.01 41.68 71.59 46.82 49.52 54.56 37.36 41.0 44.18 5.39 15.03 21.4 28.44 30.46 26.57 33.24 34.37 28.16 41.34 25.06 7.28 9.49 49.98 23.41 34.54 54.71 61.06 51.97 51.66 13.6 32.76 38.18 53.54 41.48 50.01 11.7 36.5 16.64 57.8 56.57 44.28 18.44 22.02 25.08 24.52 24.33 46.75 51.09 48.0 45.54 21.1 13.0 23.43 33.06 31.32 31.58 26.93 27.8 
7  43.93 39.05 79.81 29.68 77.79 12.17 17.46 0.0 46.49 57.8 50.96 47.07 50.04 54.63 45.62 54.13 68.59 49.65 25.3 14.32 55.0 49.24 58.69 48.17 31.3 12.04 61.85 69.89 54.45 40.31 46.75 34.93 29.02 49.65 60.42 63.01 54.23 30.0 46.07 48.27 64.2 51.61 44.41 20.59 56.72 43.29 87.69 51.0 66.22 71.4 50.25 53.24 54.78 22.85 32.02 38.59 45.61 47.93 44.01 50.7 51.42 39.82 58.67 42.49 22.8 25.32 67.42 38.01 39.12 67.6 76.06 63.56 57.08 8.94 50.0 54.82 70.83 58.82 67.19 20.4 44.15 32.65 72.62 73.11 61.74 35.74 21.02 12.73 37.44 33.24 63.6 68.01 57.28 58.83 37.34 25.61 25.02 49.82 48.7 48.76 44.27 43.93 
8  17.8 8.49 38.95 29.73 40.8 34.54 29.12 46.49 0.0 38.08 45.34 5.39 18.03 9.22 5.83 39.96 34.23 49.52 37.11 41.01 31.02 9.06 15.23 11.7 16.03 36.5 24.33 27.78 24.74 21.26 23.85 40.71 47.13 42.52 53.82 24.84 14.14 20.52 34.71 17.46 36.35 15.13 9.0 34.13 67.01 56.44 49.77 56.85 27.2 30.87 33.29 37.22 43.27 23.77 14.76 12.08 3.0 4.0 3.16 5.0 6.71 32.02 15.65 7.21 26.02 21.95 21.02 17.09 47.51 45.35 44.18 46.62 58.69 40.71 4.12 19.03 27.02 12.37 21.1 30.61 44.05 19.92 42.01 34.18 16.28 10.77 45.4 53.34 28.02 35.78 24.04 27.31 48.83 37.34 12.21 28.44 44.15 7.81 2.24 3.61 2.24 17.8 
9  21.38 41.98 34.01 28.18 27.29 50.92 44.92 57.8 38.08 0.0 15.03 43.46 56.08 35.0 32.31 6.08 19.03 21.02 33.42 44.41 7.21 29.53 50.22 49.77 36.01 46.07 21.95 31.02 14.21 21.02 15.13 26.4 36.62 13.34 18.36 61.29 51.48 50.01 12.04 20.62 10.05 23.85 46.49 37.22 38.47 34.71 35.74 29.02 24.7 28.86 7.62 5.0 9.06 41.77 42.05 30.27 40.85 34.44 36.06 35.85 43.42 18.03 30.41 32.28 37.64 46.17 42.8 51.79 28.23 9.85 21.02 8.54 26.93 57.94 40.71 21.26 34.93 41.87 48.84 54.74 20.25 29.27 17.46 27.17 36.12 39.32 41.73 55.9 20.62 25.5 25.06 27.86 13.93 2.0 45.71 32.7 37.54 45.62 38.01 41.15 38.28 21.38 
10  27.59 46.65 49.0 24.08 42.3 47.04 42.05 50.96 45.34 15.03 0.0 50.45 62.43 45.0 39.62 9.0 34.0 6.0 25.71 36.69 19.65 38.29 59.46 56.4 37.7 40.45 35.44 45.12 26.0 24.41 22.02 16.16 25.0 2.83 10.05 70.01 59.46 51.55 10.63 29.21 25.08 33.84 52.43 31.26 24.04 19.92 50.45 14.14 38.83 43.42 13.42 11.18 6.32 40.61 44.38 34.67 47.63 42.43 42.64 44.6 51.62 14.87 42.06 38.42 35.23 46.32 55.01 55.46 14.87 21.47 35.44 15.0 13.6 53.34 48.8 32.65 48.76 52.2 60.21 53.34 7.21 30.08 32.02 42.05 47.89 42.94 31.76 46.14 19.31 18.11 38.6 41.98 6.32 17.03 49.65 29.07 27.29 53.15 45.97 48.84 44.82 27.59 
11  23.02 8.06 42.54 33.54 45.12 34.93 30.15 47.07 5.39 43.46 50.45 0.0 12.65 12.65 11.18 45.28 39.05 54.45 40.5 43.19 36.4 14.32 12.04 6.32 18.44 38.01 29.07 31.38 30.08 26.17 29.15 44.94 50.7 47.63 59.08 20.25 9.43 18.87 39.82 22.85 41.59 20.4 4.47 36.88 71.7 60.75 53.76 61.62 31.58 34.79 38.59 42.54 48.55 25.02 15.13 16.4 2.83 9.22 7.81 9.06 4.47 36.8 19.65 12.04 28.28 21.84 22.02 13.6 51.87 50.7 49.04 52.0 63.7 40.5 4.47 24.19 30.02 12.81 20.25 29.53 48.84 23.71 47.01 38.33 18.87 12.04 48.27 55.01 32.65 39.96 28.44 31.32 54.08 42.72 10.3 31.62 47.43 3.16 6.0 3.16 5.66 23.02 
12  35.36 16.28 52.63 43.42 56.32 38.21 35.17 50.04 18.03 56.08 62.43 12.65 0.0 24.0 23.77 57.71 51.04 66.07 49.4 49.65 49.04 26.93 13.6 6.32 27.2 43.42 41.05 41.77 42.72 38.01 41.59 55.32 59.68 59.64 71.34 13.04 8.06 20.1 51.87 35.47 54.13 32.98 10.0 44.72 82.73 71.06 64.33 72.86 43.05 45.54 51.0 55.01 60.9 31.02 21.47 27.8 15.23 21.84 20.12 21.21 14.0 48.27 31.02 24.19 35.78 25.71 29.07 12.04 62.37 63.32 61.03 64.62 75.43 42.05 16.12 36.67 39.56 20.88 24.21 30.07 60.21 33.97 59.21 49.37 28.64 20.62 55.95 60.02 43.93 50.33 40.01 42.3 66.37 55.36 14.76 40.5 55.95 11.05 18.44 15.3 17.89 35.36 
13  18.38 17.69 29.97 34.13 32.56 42.94 37.16 54.63 9.22 35.0 45.0 12.65 24.0 0.0 9.22 38.18 27.07 49.93 42.05 47.68 27.8 7.28 15.26 18.11 23.41 43.97 17.12 18.79 20.81 23.09 23.02 43.68 51.48 42.2 52.33 26.42 17.46 29.73 34.67 15.81 31.02 11.31 17.09 40.2 68.1 58.87 41.11 57.8 19.1 22.14 31.89 35.36 41.73 31.78 23.6 17.12 11.66 6.71 10.82 4.24 10.0 33.62 7.07 12.37 32.98 30.81 13.15 25.94 49.98 40.72 37.05 43.27 58.6 49.4 8.25 13.89 17.8 7.21 15.81 39.7 45.18 25.02 35.36 25.71 7.21 19.42 51.01 60.42 30.36 39.05 16.03 18.68 47.38 33.84 21.4 34.06 49.09 13.04 7.21 9.49 11.31 18.38 
14  12.04 11.4 36.4 25.5 37.16 34.13 28.18 45.62 5.83 32.31 39.62 11.18 23.77 9.22 0.0 34.13 29.83 43.93 33.24 38.47 25.3 4.47 20.25 17.46 14.32 34.79 20.25 25.5 19.24 15.81 18.03 35.85 42.95 36.8 48.01 30.41 19.85 22.83 29.0 11.7 31.06 10.05 14.32 31.06 61.61 51.43 46.53 51.4 23.71 28.02 27.46 31.38 37.44 22.83 15.62 8.0 8.54 3.16 4.0 6.08 12.04 26.63 13.45 3.16 23.77 22.63 22.36 21.21 42.49 39.81 39.62 40.85 53.04 40.8 9.22 14.14 25.61 15.13 24.19 31.89 38.6 16.03 37.22 30.89 16.16 11.4 42.01 51.2 22.83 31.02 20.59 24.41 43.01 31.62 15.52 25.0 40.31 13.6 6.4 9.22 6.08 12.04 
15  22.36 42.72 40.0 25.0 33.38 48.27 42.58 54.13 39.96 6.08 9.0 45.28 57.71 38.18 34.13 0.0 25.0 15.0 29.15 40.31 11.18 32.02 53.15 51.48 35.36 42.72 26.93 36.4 18.03 20.62 16.12 21.21 31.24 7.28 14.14 64.03 53.82 49.5 8.25 22.8 16.12 26.87 47.85 33.62 32.76 28.64 41.76 23.09 30.08 34.53 6.71 2.83 3.61 40.05 41.77 30.68 42.54 36.62 37.59 38.42 45.8 14.56 34.41 33.54 35.36 45.04 47.17 52.2 22.36 14.14 26.93 9.49 21.54 55.08 43.01 25.0 40.16 45.28 52.8 53.08 14.32 28.07 23.41 33.06 40.22 39.56 36.88 51.22 18.11 21.1 30.08 33.24 9.22 8.06 46.17 29.83 32.56 47.71 40.22 43.27 39.82 22.36 
16  25.0 41.23 15.0 40.0 9.43 59.2 52.8 68.59 34.23 19.03 34.0 39.05 51.04 27.07 29.83 25.0 0.0 40.0 47.17 57.01 15.81 25.5 41.23 45.0 40.31 56.57 10.0 14.14 14.14 28.28 22.02 42.72 52.92 32.06 36.4 52.2 44.41 52.2 28.16 21.1 9.22 19.92 43.19 49.04 57.43 53.34 19.21 48.04 8.94 10.82 22.8 23.09 28.07 48.26 44.38 32.65 37.22 30.27 33.73 30.02 37.05 32.2 20.22 31.62 46.1 50.54 29.15 50.99 46.1 18.03 10.0 23.77 45.71 66.4 35.0 15.81 18.38 32.02 36.24 59.94 38.47 36.24 8.54 8.25 24.35 40.5 56.44 69.63 32.45 40.25 11.4 11.4 32.56 17.03 45.35 43.19 52.77 40.01 33.06 36.01 35.51 25.0 
17  32.02 50.0 55.0 25.3 48.26 47.17 42.76 49.65 49.52 21.02 6.0 54.45 66.07 49.93 43.93 15.0 40.0 0.0 25.0 35.36 25.5 43.01 64.03 60.21 40.31 40.0 41.23 50.99 31.62 28.28 26.93 15.0 21.93 8.25 11.18 74.33 63.66 53.71 15.26 34.13 31.06 38.95 56.08 31.06 18.38 14.32 56.29 8.25 44.72 49.37 18.97 17.12 12.17 42.06 47.01 38.29 51.62 46.86 46.67 49.2 55.97 17.8 47.42 42.43 36.4 48.1 60.42 58.31 11.18 26.93 41.23 20.12 9.43 53.0 53.15 38.08 54.57 57.14 65.37 54.34 6.32 32.76 37.85 48.04 53.23 46.04 29.41 43.46 22.2 18.44 44.38 47.85 10.0 23.02 52.7 30.08 25.0 57.28 50.33 53.08 48.8 32.02 
18  25.5 33.54 60.42 8.06 56.6 22.36 18.79 25.3 37.11 33.42 25.71 40.5 49.4 42.05 33.24 29.15 47.17 25.0 0.0 11.18 32.02 35.0 52.2 44.72 22.36 15.0 42.72 52.2 33.54 20.62 25.5 10.0 10.3 24.35 35.36 60.42 49.77 32.56 21.4 29.83 41.11 34.53 40.25 6.32 36.24 23.02 66.29 28.16 47.17 52.55 26.17 28.6 29.55 19.85 28.02 25.32 37.95 36.35 33.96 39.32 43.68 15.56 43.29 30.41 14.14 26.25 55.0 39.05 15.81 43.01 53.15 38.47 33.38 28.0 41.23 36.4 54.34 48.37 57.43 30.46 19.1 17.26 49.58 53.23 48.04 29.07 9.49 22.67 14.76 8.06 45.22 49.65 32.02 34.71 34.67 8.94 7.07 43.66 38.83 40.52 35.44 25.5 
19  33.54 35.36 69.46 17.03 66.4 15.0 14.76 14.32 41.01 44.41 36.69 43.19 49.65 47.68 38.47 40.31 57.01 35.36 11.18 0.0 42.43 41.23 55.23 46.1 25.0 7.07 51.48 60.42 43.01 29.15 35.0 20.62 15.52 35.47 46.1 61.85 51.79 30.41 32.45 38.01 51.62 42.15 41.77 8.06 43.68 30.08 76.22 37.12 55.95 61.29 37.01 39.66 40.72 18.68 28.64 30.59 41.05 41.3 38.05 44.28 47.04 26.4 50.29 35.36 15.0 24.17 60.83 38.08 25.0 54.08 63.64 49.65 43.0 18.68 45.0 44.72 62.03 53.15 62.07 24.76 29.83 23.09 60.11 62.43 54.34 31.14 8.06 13.0 24.76 19.24 53.67 58.14 43.01 45.61 35.17 14.32 11.18 46.27 43.05 44.01 39.0 33.54 
20  15.0 35.36 30.41 25.5 25.08 46.96 40.72 55.0 31.02 7.21 19.65 36.4 49.04 27.8 25.3 11.18 15.81 25.5 32.02 42.43 0.0 22.36 43.01 42.72 30.41 43.01 15.81 25.5 7.07 15.81 9.22 26.93 37.16 17.26 25.0 54.08 44.29 44.1 12.37 13.6 9.22 16.64 39.56 34.71 43.68 38.01 34.48 33.73 19.24 24.02 7.07 8.54 14.76 37.0 36.06 24.0 33.84 27.31 29.12 28.65 36.24 16.64 23.43 25.5 33.54 40.79 36.06 45.28 30.41 15.0 21.21 15.65 32.7 54.12 33.54 14.14 29.12 34.71 41.87 49.73 23.02 24.35 17.69 23.19 29.21 33.02 41.05 54.67 17.69 24.7 18.97 22.36 20.25 6.32 39.2 29.41 37.22 38.48 30.87 34.01 31.32 15.0 
21  11.18 15.81 32.02 27.02 32.7 38.01 31.91 49.24 9.06 29.53 38.29 14.32 26.93 7.28 4.47 32.02 25.5 43.01 35.0 41.23 22.36 0.0 21.21 20.62 18.03 38.08 15.81 21.21 15.81 15.81 16.28 36.4 44.28 35.47 46.1 32.02 21.95 27.29 27.8 9.22 27.29 6.08 18.03 33.54 61.06 51.62 42.06 50.77 19.24 23.6 25.5 29.21 35.47 26.63 20.0 10.77 12.04 5.1 8.25 6.4 13.89 26.4 9.43 7.07 26.93 26.91 20.0 25.5 42.72 36.4 35.36 38.01 51.86 44.82 11.18 10.0 21.63 14.32 23.09 36.24 38.08 18.25 33.06 26.42 13.15 15.81 44.1 54.12 23.09 31.78 16.12 20.0 41.11 28.64 19.92 27.29 42.01 16.16 8.54 11.7 10.05 11.18 
22  32.02 20.0 40.31 44.94 45.04 46.53 42.05 58.69 15.23 50.22 59.46 12.04 13.6 15.26 20.25 53.15 41.23 64.03 52.2 55.23 43.01 21.21 0.0 11.18 30.41 50.0 31.62 30.0 36.06 36.06 37.48 55.9 62.3 56.64 67.27 11.18 5.66 29.41 48.92 30.41 46.1 26.4 14.32 48.84 81.84 71.59 52.24 71.61 32.56 34.01 46.69 50.33 56.64 37.0 27.02 27.31 14.32 17.2 18.38 14.87 8.54 46.87 21.19 22.36 40.31 33.38 15.81 22.36 62.65 55.9 50.99 58.52 73.0 51.66 11.18 29.15 27.17 9.22 10.63 40.16 58.82 35.11 49.73 38.05 17.12 24.08 60.21 67.0 43.05 50.99 29.83 31.14 62.29 49.09 21.38 43.42 59.2 9.0 13.89 11.7 16.76 32.02 
23  29.15 11.18 47.43 38.28 50.64 36.06 32.14 48.17 11.7 49.77 56.4 6.32 6.32 18.11 17.46 51.48 45.0 60.21 44.72 46.1 42.72 20.62 11.18 0.0 22.36 40.31 35.0 36.4 36.4 32.02 35.36 50.0 55.01 53.6 65.19 15.81 6.08 18.44 45.8 29.15 47.85 26.68 4.47 40.5 77.16 65.8 58.94 67.18 37.22 40.02 44.78 48.76 54.71 27.46 17.46 21.93 8.94 15.52 13.89 15.03 8.25 42.45 25.18 18.03 31.62 23.0 25.0 11.18 57.01 57.01 55.0 58.31 69.53 40.79 10.0 30.41 34.54 16.12 21.4 29.12 54.45 28.6 53.08 43.74 23.41 15.65 51.87 57.22 38.18 45.0 34.13 36.67 60.21 49.04 11.05 35.78 51.48 5.1 12.17 9.06 11.66 29.15 
24  15.81 11.18 49.5 16.28 48.83 20.0 13.89 31.3 16.03 36.01 37.7 18.44 27.2 23.41 14.32 35.36 40.31 40.31 22.36 25.0 30.41 18.03 30.41 22.36 0.0 20.62 32.02 39.05 26.93 15.0 21.21 28.28 32.65 35.11 47.43 38.08 27.51 14.14 27.89 19.24 38.6 21.26 17.89 18.44 55.97 43.93 58.6 46.4 36.12 41.01 29.07 33.14 37.85 8.6 6.71 7.81 16.12 16.76 13.15 19.65 22.09 22.85 27.46 11.18 10.0 10.44 36.4 18.03 35.36 45.28 49.24 44.05 49.74 26.91 20.0 25.0 39.66 28.28 37.12 19.7 34.13 7.62 46.24 43.28 30.46 6.71 29.83 37.34 18.38 23.35 33.24 37.48 42.72 36.12 12.73 13.42 29.15 21.59 18.11 19.03 14.0 15.81 
25  32.02 30.0 68.01 17.89 65.8 8.06 8.25 12.04 36.5 46.07 40.45 38.01 43.42 43.97 34.79 42.72 56.57 40.0 15.0 7.07 43.01 38.08 50.0 40.31 20.62 0.0 50.0 58.31 42.43 28.28 34.71 25.0 21.93 38.83 50.25 55.9 46.17 23.77 34.54 36.4 52.2 39.96 36.12 9.22 49.98 36.4 75.69 42.76 54.41 59.64 38.47 41.63 43.68 13.0 23.02 27.31 36.12 37.36 33.73 40.26 42.11 28.23 47.42 31.62 11.18 17.72 57.01 31.62 30.41 55.9 64.03 52.2 48.26 13.0 40.31 43.01 59.48 48.84 57.56 17.69 34.06 20.81 60.61 61.22 50.92 26.08 15.0 17.0 25.55 22.36 51.87 56.3 46.69 47.01 29.27 13.6 17.46 41.0 38.64 39.2 34.37 32.02 
26  18.03 31.62 18.03 34.93 17.0 51.62 45.25 61.85 24.33 21.95 35.44 29.07 41.05 17.12 20.25 26.93 10.0 41.23 42.72 51.48 15.81 15.81 31.62 35.0 32.02 50.0 0.0 10.0 10.0 22.36 17.46 40.31 50.01 32.98 40.31 42.72 34.53 42.95 27.07 13.6 15.0 10.82 33.24 43.42 59.48 53.15 26.63 49.48 4.47 9.85 22.36 24.35 30.46 40.36 35.36 24.21 27.29 20.4 24.04 20.02 27.07 29.27 10.44 22.36 39.05 41.88 21.21 41.23 45.0 25.0 20.0 29.07 48.47 58.73 25.0 7.07 13.34 22.47 27.8 51.31 38.21 29.21 18.25 11.31 15.26 31.3 52.2 64.41 28.16 36.88 3.16 7.07 35.78 20.25 35.74 37.22 49.04 30.02 23.09 26.02 25.71 18.03 
27  26.93 36.06 11.18 44.27 15.13 59.03 52.8 69.89 27.78 31.02 45.12 31.38 41.77 18.79 25.5 36.4 14.14 50.99 52.2 60.42 25.5 21.21 30.0 36.4 39.05 58.31 10.0 0.0 20.0 31.62 27.29 50.25 59.84 42.76 49.24 40.31 34.23 48.01 37.05 22.47 22.47 18.36 35.85 52.39 69.12 63.13 22.56 59.23 6.32 4.12 32.25 33.96 39.85 47.63 41.11 31.4 30.41 24.41 28.6 22.83 28.16 39.2 12.21 28.28 47.17 48.1 15.81 44.72 55.0 32.02 22.36 37.22 57.87 65.95 26.93 15.81 4.24 21.1 23.09 57.38 48.17 37.59 22.2 8.25 13.15 36.88 61.68 73.41 37.85 46.69 7.07 3.16 44.94 29.15 39.96 46.1 58.69 31.32 25.94 28.23 29.68 26.93 
28  11.18 30.0 26.93 26.08 23.43 45.22 38.83 54.45 24.74 14.21 26.0 30.08 42.72 20.81 19.24 18.03 14.14 31.62 33.54 43.01 7.07 15.81 36.06 36.4 26.93 42.43 10.0 20.0 0.0 14.14 8.06 30.41 40.26 23.41 32.02 47.17 37.58 39.81 17.12 8.06 12.04 9.85 33.54 35.0 49.98 43.19 33.3 39.85 14.14 19.42 12.65 15.26 21.63 34.48 31.78 19.65 27.66 20.88 23.19 21.93 29.55 19.42 16.4 20.0 32.02 37.34 29.15 40.0 35.0 20.62 22.36 22.47 39.36 52.43 26.93 7.07 23.19 27.66 34.83 46.62 28.28 22.2 19.31 19.7 22.2 28.28 42.95 55.76 18.79 27.2 13.04 17.03 27.2 13.04 34.01 29.07 39.56 31.95 24.35 27.51 25.32 11.18 
29  5.0 22.36 40.31 12.65 37.54 31.38 25.06 40.31 21.26 21.02 24.41 26.17 38.01 23.09 15.81 20.62 28.28 28.28 20.62 29.15 15.81 15.81 36.06 32.02 15.0 28.28 22.36 31.62 14.14 0.0 6.71 20.62 29.0 21.63 33.54 46.1 35.38 29.07 13.89 9.22 24.6 14.04 28.02 21.1 45.8 35.85 47.42 35.61 26.83 32.2 14.14 18.25 23.41 21.19 21.21 10.3 23.35 18.87 18.38 21.47 27.8 10.82 23.0 14.14 18.03 25.18 35.36 31.62 26.93 30.41 36.06 29.07 37.54 38.59 25.0 15.81 33.73 30.08 38.9 33.96 22.8 8.54 32.76 33.29 28.16 18.97 30.08 42.06 7.28 16.12 24.7 29.15 28.64 21.21 25.63 15.0 27.29 29.0 22.2 24.84 20.52 5.0 
30  6.32 26.93 34.93 18.03 31.4 38.08 31.76 46.75 23.85 15.13 22.02 29.15 41.59 23.02 18.03 16.12 22.02 26.93 25.5 35.0 9.22 16.28 37.48 35.36 21.21 34.71 17.46 27.29 8.06 6.71 0.0 23.02 32.56 19.21 30.0 48.17 37.8 35.01 11.66 7.21 17.89 12.08 31.78 27.02 45.18 36.88 41.23 34.89 21.84 27.2 9.43 13.42 19.42 27.86 27.0 15.13 26.42 20.62 21.47 22.63 29.83 12.0 20.88 17.46 24.7 31.58 33.84 36.67 28.28 24.08 29.41 23.54 35.61 45.28 27.02 12.04 30.02 30.23 38.47 40.52 22.47 15.23 26.08 27.73 26.57 24.19 34.93 47.71 10.77 19.42 20.22 24.52 25.0 15.0 30.59 21.21 31.62 31.62 24.21 27.2 23.71 6.32 
31  25.5 39.05 57.01 12.04 52.0 32.25 28.16 34.93 40.71 26.4 16.16 44.94 55.32 43.68 35.85 21.21 42.72 15.0 10.0 20.62 26.93 36.4 55.9 50.0 28.28 25.0 40.31 50.25 30.41 20.62 23.02 0.0 10.3 15.26 25.5 65.19 54.38 40.5 14.76 29.15 35.36 34.23 45.61 16.12 27.8 15.81 61.27 18.79 44.55 49.82 20.12 21.4 20.81 28.18 34.71 28.65 42.19 39.0 37.59 41.79 47.41 11.05 43.29 33.54 22.36 34.48 55.9 46.1 7.07 35.36 47.17 30.0 23.54 38.0 44.72 35.0 53.04 50.6 59.48 39.85 9.22 21.4 43.57 49.73 48.66 34.71 15.81 30.23 13.34 5.0 43.19 47.38 22.47 28.02 41.01 16.12 11.4 48.02 42.05 44.29 39.45 25.5 
32  34.0 43.83 67.05 17.46 62.24 29.97 27.8 29.02 47.13 36.62 25.0 50.7 59.68 51.48 42.95 31.24 52.92 21.93 10.3 15.52 37.16 44.28 62.3 55.01 32.65 21.93 50.01 59.84 40.26 29.0 32.56 10.3 0.0 24.76 33.11 70.68 60.01 42.45 25.06 38.05 45.65 43.01 50.54 15.56 28.16 14.56 71.55 22.02 54.34 59.67 30.41 31.62 30.41 29.73 38.28 35.17 48.1 46.1 43.97 49.03 53.76 20.88 52.0 40.26 24.21 36.07 64.2 49.2 10.77 45.34 57.45 39.62 28.28 34.21 51.24 44.28 62.39 58.05 67.08 39.12 17.8 27.2 53.85 59.77 57.08 39.36 8.0 21.54 22.09 13.15 52.77 57.07 31.06 38.28 44.94 19.24 4.47 53.85 48.76 50.6 45.54 34.0 
33  24.76 43.91 47.04 22.0 40.61 45.18 40.0 49.65 42.52 13.34 2.83 47.63 59.64 42.2 36.8 7.28 32.06 8.25 24.35 35.47 17.26 35.47 56.64 53.6 35.11 38.83 32.98 42.76 23.41 21.63 19.21 15.26 24.76 0.0 12.37 67.18 56.64 49.04 7.81 26.4 23.35 31.06 49.65 29.61 26.57 21.38 49.04 16.49 36.5 41.19 10.77 9.0 5.66 38.33 41.79 31.91 44.82 39.6 39.82 41.77 48.8 12.37 39.36 35.61 33.06 43.93 52.33 52.8 15.26 20.81 34.18 14.87 16.4 51.62 45.97 29.97 46.32 49.41 57.45 51.16 7.21 27.51 30.68 40.0 45.18 40.25 31.06 45.49 16.76 16.49 36.14 39.62 8.0 15.3 46.96 27.0 26.63 50.33 43.14 46.01 42.01 24.76 
34  36.06 55.9 50.99 34.13 43.29 57.01 52.09 60.42 53.82 18.36 10.05 59.08 71.34 52.33 48.01 14.14 36.4 11.18 35.36 46.1 25.0 46.1 67.27 65.19 47.43 50.25 40.31 49.24 32.02 33.54 30.0 25.5 33.11 12.37 0.0 78.1 67.8 61.4 19.7 36.88 27.2 41.01 61.4 41.11 22.2 24.08 50.04 15.26 42.95 46.82 20.62 16.97 10.63 50.64 54.08 43.83 56.3 50.61 51.31 52.5 59.82 24.74 48.41 47.17 45.28 56.29 61.03 65.0 22.36 20.0 35.0 13.04 10.2 63.2 57.01 39.05 53.23 59.41 66.84 63.39 16.28 39.85 32.06 44.64 54.2 52.39 40.5 54.63 29.12 28.02 43.42 46.1 5.0 20.12 59.09 39.12 36.06 61.61 54.2 57.2 53.54 36.06 
35  42.43 26.93 50.0 53.71 55.44 51.09 47.68 63.01 24.84 61.29 70.01 20.25 13.04 26.42 30.41 64.03 52.2 74.33 60.42 61.85 54.08 32.02 11.18 15.81 38.08 55.9 42.72 40.31 47.17 46.1 48.17 65.19 70.68 67.18 78.1 0.0 10.82 33.02 59.4 41.23 57.27 37.44 20.25 56.3 91.83 80.99 62.0 81.69 43.42 44.41 57.49 61.22 67.48 43.17 33.24 36.62 23.02 27.59 27.8 25.61 18.38 56.85 32.31 32.02 47.43 38.33 25.0 25.0 72.11 67.08 61.85 69.64 83.45 55.08 21.21 40.31 37.05 20.25 18.11 43.1 68.88 43.91 60.73 48.51 27.89 31.38 67.68 72.69 52.8 60.21 40.8 41.77 73.11 60.21 26.68 51.48 67.23 17.2 24.04 21.26 25.81 42.43 
36  31.89 16.49 44.91 42.94 49.04 42.11 38.05 54.23 14.14 51.48 59.46 9.43 8.06 17.46 19.85 53.82 44.41 63.66 49.77 51.79 44.29 21.95 5.66 6.08 27.51 46.17 34.53 34.23 37.58 35.38 37.8 54.38 60.01 56.64 67.8 10.82 0.0 24.52 48.84 31.06 48.38 27.73 10.05 45.88 81.06 70.18 56.72 70.94 36.06 38.12 47.2 51.04 57.2 33.24 23.19 25.81 12.21 17.2 17.03 15.65 8.06 46.1 24.19 21.26 37.11 29.02 21.02 17.09 61.29 57.94 54.33 59.94 72.84 46.87 10.82 31.02 31.78 13.15 16.28 35.17 58.14 33.12 52.77 42.05 21.1 20.88 57.28 63.13 42.01 49.4 33.14 35.01 62.8 50.54 17.0 40.85 56.65 6.4 13.6 10.63 15.0 31.89 
37  29.15 12.04 59.08 28.65 59.93 18.11 15.65 30.0 20.52 50.01 51.55 18.87 20.1 29.73 22.83 49.5 52.2 53.71 32.56 30.41 44.1 27.29 29.41 18.44 14.14 23.77 42.95 48.01 39.81 29.07 35.01 40.5 42.45 49.04 61.4 33.02 24.52 0.0 41.98 31.78 51.79 32.31 15.23 26.91 68.24 55.44 69.35 59.17 46.53 50.77 43.19 47.27 51.97 12.73 8.06 20.22 18.44 23.6 19.42 25.5 23.32 36.69 35.81 20.62 18.44 6.4 40.8 8.06 47.43 59.08 61.68 58.14 63.07 22.36 22.8 36.4 47.51 31.62 38.91 10.77 47.42 21.59 58.94 53.71 36.77 11.7 37.44 40.02 32.28 35.85 43.42 47.17 56.75 50.01 8.6 24.41 38.29 21.02 22.63 21.4 18.44 29.15 
38  16.97 36.24 42.76 16.76 37.34 40.02 34.37 46.07 34.71 12.04 10.63 39.82 51.87 34.67 29.0 8.25 28.16 15.26 21.4 32.45 12.37 27.8 48.92 45.8 27.89 34.54 27.07 37.05 17.12 13.89 11.66 14.76 25.06 7.81 19.7 59.4 48.84 41.98 0.0 18.87 20.59 23.71 41.88 25.5 33.54 26.08 46.52 23.26 31.0 36.06 5.39 7.21 10.05 32.0 34.48 24.19 37.01 31.83 32.02 34.06 41.01 6.32 32.31 27.8 27.17 37.22 45.31 45.31 18.11 21.63 32.45 17.72 24.08 46.84 38.18 23.09 40.31 41.88 50.12 45.01 11.18 20.4 28.84 35.51 38.08 32.7 29.73 43.86 10.0 13.45 30.15 34.01 14.87 13.45 39.4 21.59 25.61 42.52 35.36 38.21 34.21 16.97 
39  4.47 22.02 31.62 21.84 29.83 38.29 31.89 48.27 17.46 20.62 29.21 22.85 35.47 15.81 11.7 22.8 21.1 34.13 29.83 38.01 13.6 9.22 30.41 29.15 19.24 36.4 13.6 22.47 8.06 9.22 7.21 29.15 38.05 26.4 36.88 41.23 31.06 31.78 18.87 0.0 20.1 5.1 25.96 29.97 52.35 43.68 39.7 42.06 18.03 23.32 16.28 20.0 26.25 27.2 23.77 11.7 20.25 13.89 15.52 15.62 23.02 18.44 14.14 12.04 25.5 29.55 26.93 32.02 34.93 28.28 30.08 29.15 42.8 45.45 20.25 6.71 24.52 23.02 31.3 38.91 29.55 15.62 27.2 24.84 19.65 20.22 39.29 50.99 16.0 25.0 15.65 20.12 31.89 19.92 26.0 23.71 36.5 25.06 17.49 20.59 17.72 4.47 
40  22.8 42.01 24.08 34.71 17.26 55.95 49.65 64.2 36.35 10.05 25.08 41.59 54.13 31.02 31.06 16.12 9.22 31.06 41.11 51.62 9.22 27.29 46.1 47.85 38.6 52.2 15.0 22.47 12.04 24.6 17.89 35.36 45.65 23.35 27.2 57.27 48.38 51.79 20.59 20.1 0.0 21.21 45.28 43.93 48.26 44.72 26.0 39.0 16.4 19.7 15.26 14.56 19.0 45.69 43.74 31.58 39.32 32.39 35.06 32.98 40.52 25.61 25.06 32.02 42.54 49.04 36.12 52.01 37.95 10.0 12.04 14.76 36.5 63.13 38.08 17.46 26.63 37.12 42.8 58.19 30.08 33.11 8.49 17.46 30.23 40.31 50.0 63.78 26.91 33.6 17.69 19.42 23.35 8.06 46.04 38.6 46.04 43.17 35.69 38.83 37.12 22.8 
41  9.06 21.38 28.32 26.48 27.78 41.04 34.71 51.61 15.13 23.85 33.84 20.4 32.98 11.31 10.05 26.87 19.92 38.95 34.53 42.15 16.64 6.08 26.4 26.68 21.26 39.96 10.82 18.36 9.85 14.04 12.08 34.23 43.01 31.06 41.01 37.44 27.73 32.31 23.71 5.1 21.21 0.0 24.08 34.18 57.25 48.76 37.44 46.96 14.87 19.85 20.62 24.04 30.41 29.7 24.6 13.45 18.11 11.18 14.04 12.08 19.7 23.54 9.06 11.7 28.84 31.06 21.84 31.26 40.02 30.36 29.61 32.25 47.43 48.08 17.09 4.12 19.92 18.44 26.42 40.5 34.54 19.24 27.17 22.02 14.56 20.62 43.93 55.15 21.02 30.02 12.04 16.4 36.07 22.83 25.5 27.86 41.3 22.14 14.56 17.72 16.0 9.06 
42  25.5 6.71 47.01 33.84 49.48 32.25 28.02 44.41 9.0 46.49 52.43 4.47 10.0 17.09 14.32 47.85 43.19 56.08 40.25 41.77 39.56 18.03 14.32 4.47 17.89 36.12 33.24 35.85 33.54 28.02 31.78 45.61 50.54 49.65 61.4 20.25 10.05 15.23 41.88 25.96 45.28 24.08 0.0 36.06 72.86 61.4 58.19 62.94 35.9 39.22 41.15 45.19 51.0 23.19 13.15 17.8 6.0 13.0 10.44 13.34 8.49 38.29 24.04 14.32 27.2 19.1 26.17 9.22 52.63 54.13 53.15 55.03 65.44 37.36 8.94 28.02 34.48 16.97 23.71 26.0 50.25 24.21 51.01 42.72 23.32 11.18 47.43 53.08 33.97 40.61 32.76 35.74 56.44 45.88 7.07 31.3 47.01 5.83 10.2 7.62 8.25 25.5 
43  25.5 29.41 61.4 9.22 58.41 16.12 12.53 20.59 34.13 37.22 31.26 36.88 44.72 40.2 31.06 33.62 49.04 31.06 6.32 8.06 34.71 33.54 48.84 40.5 18.44 9.22 43.42 52.39 35.0 21.1 27.02 16.12 15.56 29.61 41.11 56.3 45.88 26.91 25.5 29.97 43.93 34.18 36.06 0.0 42.49 29.15 68.25 34.48 47.89 53.24 29.68 32.65 34.48 14.21 23.26 23.09 34.53 34.01 31.06 37.01 40.45 19.24 42.45 28.02 8.94 20.52 53.34 33.84 22.14 47.01 55.9 43.08 39.62 22.09 38.21 36.67 54.08 46.0 55.01 24.17 25.0 15.3 52.4 54.38 46.69 25.0 11.4 21.02 17.03 13.15 45.62 50.09 37.48 38.28 29.97 6.32 11.4 40.02 36.06 37.34 32.25 25.5 
44  49.93 66.47 72.34 39.82 65.03 57.94 55.01 56.72 67.01 38.47 24.04 71.7 82.73 68.1 61.61 32.76 57.43 18.38 36.24 43.68 43.68 61.06 81.84 77.16 55.97 49.98 59.48 69.12 49.98 45.8 45.18 27.8 28.16 26.57 22.2 91.83 81.06 68.24 33.54 52.35 48.26 57.25 72.86 42.49 0.0 13.6 72.17 10.3 62.82 67.27 37.34 35.17 29.43 55.76 62.48 55.32 68.88 64.64 64.03 67.12 73.6 35.0 65.8 59.82 49.93 62.13 78.79 73.88 20.81 42.11 57.08 35.06 12.04 62.36 70.8 56.46 72.8 75.29 83.65 66.64 23.02 48.8 54.01 65.62 71.59 62.24 35.9 47.0 39.05 32.65 62.64 65.97 25.02 40.45 68.68 43.83 32.57 74.65 68.01 70.6 66.07 49.93 
45  40.5 54.82 68.26 27.66 61.98 44.38 41.68 43.29 56.44 34.71 19.92 60.75 71.06 58.87 51.43 28.64 53.34 14.32 23.02 30.08 38.01 51.62 71.59 65.8 43.93 36.4 53.15 63.13 43.19 35.85 36.88 15.81 14.56 21.38 24.08 80.99 70.18 55.44 26.08 43.68 44.72 48.76 61.4 29.15 13.6 0.0 70.34 9.43 57.04 62.0 31.0 30.27 26.25 42.8 50.21 44.42 57.98 54.56 53.34 57.27 63.13 25.3 57.72 49.24 37.01 49.2 70.6 61.52 8.94 41.23 55.36 34.44 16.12 48.76 60.42 48.84 66.37 65.92 74.67 53.24 15.0 37.2 51.92 61.13 63.32 50.45 22.36 34.23 28.64 20.81 56.22 60.07 24.19 36.67 56.64 31.14 18.97 63.81 57.71 60.03 55.23 40.5 
46  43.86 57.7 12.0 59.2 9.9 77.99 71.59 87.69 49.77 35.74 50.45 53.76 64.33 41.11 46.53 41.76 19.21 56.29 66.29 76.22 34.48 42.06 52.24 58.94 58.6 75.69 26.63 22.56 33.3 47.42 41.23 61.27 71.55 49.04 50.04 62.0 56.72 69.35 46.52 39.7 26.0 37.44 58.19 68.25 72.17 70.34 0.0 63.79 22.83 18.97 41.15 40.5 44.15 66.84 61.91 50.8 52.55 46.1 50.09 44.94 50.7 51.11 34.18 48.88 65.07 68.51 37.0 66.85 63.91 30.07 15.13 37.12 60.13 85.15 49.34 33.6 25.08 43.57 44.05 77.94 55.97 55.17 18.44 15.65 35.69 57.8 75.47 88.81 51.61 59.17 25.94 22.47 47.38 33.84 61.74 62.37 71.69 53.85 48.1 50.6 51.48 43.86 
47  39.66 56.64 63.03 30.53 56.08 50.45 46.82 51.0 56.85 29.02 14.14 61.62 72.86 57.8 51.4 23.09 48.04 8.25 28.16 37.12 33.73 50.77 71.61 67.18 46.4 42.76 49.48 59.23 39.85 35.61 34.89 18.79 22.02 16.49 15.26 81.69 70.94 59.17 23.26 42.06 39.0 46.96 62.94 34.48 10.3 9.43 63.79 0.0 52.95 57.56 27.2 25.32 20.0 46.96 53.01 45.28 58.8 54.41 53.91 56.86 63.41 24.84 55.54 49.68 41.15 53.24 68.54 64.4 12.37 33.96 48.66 26.93 6.71 55.58 60.61 46.24 62.82 65.0 73.36 58.52 12.81 39.05 45.4 56.14 61.33 52.5 30.02 42.95 29.0 23.32 52.63 56.09 16.49 31.02 59.03 34.89 26.02 64.54 57.8 60.44 55.97 39.66 
48  22.47 34.93 13.6 39.4 13.6 55.87 49.52 66.22 27.2 24.7 38.83 31.58 43.05 19.1 23.71 30.08 8.94 44.72 47.17 55.95 19.24 19.24 32.56 37.22 36.12 54.41 4.47 6.32 14.14 26.83 21.84 44.55 54.34 36.5 42.95 43.42 36.06 46.53 31.0 18.03 16.4 14.87 35.9 47.89 62.82 57.04 22.83 52.95 0.0 5.39 26.08 27.66 33.53 44.55 39.12 28.32 30.08 23.41 27.31 22.56 29.07 33.54 12.04 26.08 43.42 45.8 20.25 44.27 49.04 26.17 18.44 31.06 51.55 62.94 27.29 11.4 10.3 23.35 27.29 55.22 42.05 33.6 17.46 7.21 15.52 34.99 56.65 68.88 32.57 41.23 3.16 3.16 38.63 22.85 39.0 41.68 53.45 32.14 25.71 28.44 28.79 22.47 
49  27.78 38.95 8.49 44.78 11.05 60.88 54.56 71.4 30.87 28.86 43.42 34.79 45.54 22.14 28.02 34.53 10.82 49.37 52.55 61.29 24.02 23.6 34.01 40.02 41.01 59.64 9.85 4.12 19.42 32.2 27.2 49.82 59.67 41.19 46.82 44.41 38.12 50.77 36.06 23.32 19.7 19.85 39.22 53.24 67.27 62.0 18.97 57.56 5.39 0.0 31.0 32.25 37.85 49.52 43.6 33.24 33.62 27.29 31.38 26.0 31.78 38.83 15.23 30.61 48.6 50.45 19.92 47.93 54.15 28.84 18.36 34.44 55.79 67.9 30.36 16.64 8.06 25.02 27.2 59.82 47.0 38.83 18.44 4.12 17.03 39.41 62.03 74.24 37.95 46.57 7.81 3.61 42.72 26.93 42.94 47.01 58.82 34.93 29.15 31.62 32.65 27.78 
50  15.65 36.06 37.48 20.59 31.95 43.32 37.36 50.25 33.29 7.62 13.42 38.59 51.0 31.89 27.46 6.71 22.8 18.97 26.17 37.01 7.07 25.5 46.69 44.78 29.07 38.47 22.36 32.25 12.65 14.14 9.43 20.12 30.41 10.77 20.62 57.49 47.2 43.19 5.39 16.28 15.26 20.62 41.15 29.68 37.34 31.0 41.15 27.2 26.08 31.0 0.0 4.12 10.0 34.37 35.36 24.04 35.85 30.0 30.89 31.89 39.2 10.63 28.65 26.83 30.08 39.01 41.59 45.61 23.35 17.46 27.2 15.0 26.93 50.33 36.4 19.24 35.69 39.05 46.87 47.38 16.0 22.02 23.6 30.27 34.48 32.98 34.83 48.8 13.0 18.44 25.5 29.15 15.62 8.6 39.56 25.08 30.81 41.05 33.6 36.62 33.12 15.65 
51  19.7 40.16 38.05 23.77 31.78 46.84 41.0 53.24 37.22 5.0 11.18 42.54 55.01 35.36 31.38 2.83 23.09 17.12 28.6 39.66 8.54 29.21 50.33 48.76 33.14 41.63 24.35 33.96 15.26 18.25 13.42 21.4 31.62 9.0 16.97 61.22 51.04 47.27 7.21 20.0 14.56 24.04 45.19 32.65 35.17 30.27 40.5 25.32 27.66 32.25 4.12 0.0 6.4 38.21 39.46 28.16 39.82 33.84 34.89 35.61 43.01 13.42 31.62 30.87 33.73 43.0 44.42 49.73 23.41 14.42 25.94 11.05 24.17 53.76 40.22 22.2 37.64 42.45 50.0 51.24 15.52 26.0 22.36 31.0 37.44 37.11 36.77 50.99 16.49 20.62 27.51 30.81 12.04 6.71 43.68 28.46 32.56 44.94 37.44 40.5 37.12 19.7 
52  25.55 45.69 43.05 26.31 36.12 49.65 44.18 54.78 43.27 9.06 6.32 48.55 60.9 41.73 37.44 3.61 28.07 12.17 29.55 40.72 14.76 35.47 56.64 54.71 37.85 43.68 30.46 39.85 21.63 23.41 19.42 20.81 30.41 5.66 10.63 67.48 57.2 51.97 10.05 26.25 19.0 30.41 51.0 34.48 29.43 26.25 44.15 20.0 33.53 37.85 10.0 6.4 0.0 42.01 44.38 33.62 45.79 40.0 40.82 41.87 49.2 16.03 38.01 36.72 37.05 47.27 50.77 55.03 20.81 15.26 29.12 9.22 18.03 56.29 46.4 28.6 43.66 48.84 56.4 55.0 12.81 30.41 25.71 36.22 43.83 42.38 36.62 51.04 20.02 21.54 33.62 36.69 5.66 11.05 49.04 31.26 32.2 51.04 43.6 46.62 43.05 25.55 
53  23.32 17.0 58.0 16.76 57.01 11.4 5.39 22.85 23.77 41.77 40.61 25.02 31.02 31.78 22.83 40.05 48.26 42.06 19.85 18.68 37.0 26.63 37.0 27.46 8.6 13.0 40.36 47.63 34.48 21.19 27.86 28.18 29.73 38.33 50.64 43.17 33.24 12.73 32.0 27.2 45.69 29.7 23.19 14.21 55.76 42.8 66.84 46.96 44.55 49.52 34.37 38.21 42.01 0.0 10.05 16.28 23.19 25.08 21.19 27.86 29.15 26.08 36.06 19.72 5.83 6.4 44.6 19.72 34.99 51.42 56.82 49.25 51.26 18.38 27.46 33.3 48.26 36.14 44.72 13.04 35.74 12.65 53.67 51.66 38.91 13.15 25.06 30.0 22.0 23.77 41.73 46.01 46.27 42.2 16.49 12.08 25.61 28.0 25.96 26.31 21.59 23.32 
54  21.1 7.07 52.01 22.67 52.35 19.92 15.03 32.02 14.76 42.05 44.38 15.13 21.47 23.6 15.62 41.77 44.38 47.01 28.02 28.64 36.06 20.0 27.02 17.46 6.71 23.02 35.36 41.11 31.78 21.21 27.0 34.71 38.28 41.79 54.08 33.24 23.19 8.06 34.48 23.77 43.74 24.6 13.15 23.26 62.48 50.21 61.91 53.01 39.12 43.6 35.36 39.46 44.38 10.05 0.0 12.17 13.6 17.03 12.81 19.42 19.42 29.55 29.0 13.04 14.32 7.21 35.78 11.4 41.77 51.04 53.76 50.25 56.44 25.94 18.03 28.64 41.04 26.93 35.17 16.28 40.82 14.32 50.96 46.32 30.81 4.24 34.54 40.01 25.08 29.83 36.06 40.0 49.34 42.0 6.71 19.21 34.48 18.03 17.0 16.76 12.53 21.1 
55  9.0 12.08 41.73 17.72 41.05 27.66 21.4 38.59 12.08 30.27 34.67 16.4 27.8 17.12 8.0 30.68 32.65 38.29 25.32 30.59 24.0 10.77 27.31 21.93 7.81 27.31 24.21 31.4 19.65 10.3 15.13 28.65 35.17 31.91 43.83 36.62 25.81 20.22 24.19 11.7 31.58 13.45 17.8 23.09 55.32 44.42 50.8 45.28 28.32 33.24 24.04 28.16 33.62 16.28 12.17 0.0 13.6 11.05 8.94 14.04 18.79 20.52 20.12 5.1 16.16 17.89 30.27 21.59 35.51 39.0 41.79 38.64 47.63 34.66 16.16 17.2 32.25 23.09 32.14 27.29 32.53 8.06 38.9 35.47 23.77 9.06 34.01 43.42 16.28 23.71 25.46 29.73 38.91 30.07 15.52 17.0 32.39 19.42 13.6 15.65 10.82 9.0 
56  20.25 6.71 41.59 30.87 43.68 33.53 28.44 45.61 3.0 40.85 47.63 2.83 15.23 11.66 8.54 42.54 37.22 51.62 37.95 41.05 33.84 12.04 14.32 8.94 16.12 36.12 27.29 30.41 27.66 23.35 26.42 42.19 48.1 44.82 56.3 23.02 12.21 18.44 37.01 20.25 39.32 18.11 6.0 34.53 68.88 57.98 52.55 58.8 30.08 33.62 35.85 39.82 45.79 23.19 13.6 13.6 0.0 7.0 5.0 7.62 6.0 33.97 18.38 9.22 26.08 20.62 22.47 14.32 49.09 48.27 47.17 49.4 60.88 39.4 4.47 22.02 29.41 13.42 21.59 28.84 46.01 21.02 45.01 37.0 18.44 10.05 45.89 53.08 29.83 37.22 26.93 30.08 51.31 40.16 9.9 29.12 44.92 5.83 4.47 3.16 2.83 20.25 
57  14.87 11.66 35.51 28.64 37.0 36.24 30.46 47.93 4.0 34.44 42.43 9.22 21.84 6.71 3.16 36.62 30.27 46.86 36.35 41.3 27.31 5.1 17.2 15.52 16.76 37.36 20.4 24.41 20.88 18.87 20.62 39.0 46.1 39.6 50.61 27.59 17.2 23.6 31.83 13.89 32.39 11.18 13.0 34.01 64.64 54.56 46.1 54.41 23.41 27.29 30.0 33.84 40.0 25.08 17.03 11.05 7.0 0.0 4.24 3.0 9.22 29.68 12.21 6.0 26.48 24.21 19.65 20.88 45.62 41.48 40.2 42.95 55.9 42.72 6.4 15.03 24.04 12.04 21.1 33.24 41.62 19.1 38.01 30.46 13.89 12.81 45.04 53.94 25.94 34.18 20.25 23.71 45.61 33.62 15.65 28.02 43.42 11.18 3.61 6.71 5.39 14.87 
58  15.26 7.62 39.66 26.57 40.85 32.2 26.57 44.01 3.16 36.06 42.64 7.81 20.12 10.82 4.0 37.59 33.73 46.67 33.96 38.05 29.12 8.25 18.38 13.89 13.15 33.73 24.04 28.6 23.19 18.38 21.47 37.59 43.97 39.82 51.31 27.8 17.03 19.42 32.02 15.52 35.06 14.04 10.44 31.06 64.03 53.34 50.09 53.91 27.31 31.38 30.89 34.89 40.82 21.19 12.81 8.94 5.0 4.24 0.0 6.71 9.85 29.07 16.4 4.24 23.09 20.0 23.41 17.26 44.42 43.74 43.57 44.6 55.9 38.59 7.28 18.11 28.28 15.13 24.02 29.0 41.11 16.76 41.19 34.44 18.03 8.6 42.3 50.49 25.0 32.65 24.17 27.78 46.32 35.44 11.7 25.32 41.0 10.63 5.0 6.71 2.24 15.26 
59  17.2 13.45 34.0 31.58 36.14 38.91 33.24 50.7 5.0 35.85 44.6 9.06 21.21 4.24 6.08 38.42 30.02 49.2 39.32 44.28 28.65 6.4 14.87 15.03 19.65 40.26 20.02 22.83 21.93 21.47 22.63 41.79 49.03 41.77 52.5 25.61 15.65 25.5 34.06 15.62 32.98 12.08 13.34 37.01 67.12 57.27 44.94 56.86 22.56 26.0 31.89 35.61 41.87 27.86 19.42 14.04 7.62 3.0 6.71 0.0 7.62 32.25 10.77 9.0 29.43 26.63 16.76 21.93 48.33 42.38 40.01 44.29 58.14 45.28 5.1 15.52 22.02 9.06 18.11 35.47 44.1 22.09 38.05 29.41 11.4 15.26 48.04 56.89 28.64 37.0 19.42 22.47 47.51 34.89 17.2 31.02 46.39 10.2 3.16 6.0 7.07 17.2 
60  24.04 12.37 39.22 36.4 42.43 39.29 34.37 51.42 6.71 43.42 51.62 4.47 14.0 10.0 12.04 45.8 37.05 55.97 43.68 47.04 36.24 13.89 8.54 8.25 22.09 42.11 27.07 28.16 29.55 27.8 29.83 47.41 53.76 48.8 59.82 18.38 8.06 23.32 41.01 23.02 40.52 19.7 8.49 40.45 73.6 63.13 50.7 63.41 29.07 31.78 39.2 43.01 49.2 29.15 19.42 18.79 6.0 9.22 9.85 7.62 0.0 38.6 17.03 13.89 32.06 26.25 17.69 17.69 54.2 49.98 47.04 51.88 65.07 44.94 2.83 23.09 26.4 8.49 15.81 34.0 50.61 26.57 45.28 35.51 15.23 16.03 51.79 59.08 34.67 42.49 26.02 28.44 54.82 42.49 14.76 34.93 50.7 3.16 5.66 3.16 8.25 24.04 
61  15.23 32.2 46.17 10.44 41.59 33.73 28.16 39.82 32.02 18.03 14.87 36.8 48.27 33.62 26.63 14.56 32.2 17.8 15.56 26.4 16.64 26.4 46.87 42.45 22.85 28.23 29.27 39.2 19.42 10.82 12.0 11.05 20.88 12.37 24.74 56.85 46.1 36.69 6.32 18.44 25.61 23.54 38.29 19.24 35.0 25.3 51.11 24.84 33.54 38.83 10.63 13.42 16.03 26.08 29.55 20.52 33.97 29.68 29.07 32.25 38.6 0.0 32.56 24.84 21.02 31.58 45.35 40.71 16.49 27.78 37.64 24.04 27.2 40.52 35.81 24.02 42.01 40.72 49.4 39.01 12.04 15.23 34.06 38.9 38.08 28.3 24.41 38.21 4.47 8.06 32.14 36.35 20.22 19.21 34.99 15.3 20.59 39.7 33.02 35.61 31.14 15.23 
62  18.0 23.85 23.32 35.23 25.5 47.43 41.34 58.67 15.65 30.41 42.06 19.65 31.02 7.07 13.45 34.41 20.22 47.42 43.29 50.29 23.43 9.43 21.19 25.18 27.46 47.42 10.44 12.21 16.4 23.0 20.88 43.29 52.0 39.36 48.41 32.31 24.19 35.81 32.31 14.14 25.06 9.06 24.04 42.45 65.8 57.72 34.18 55.54 12.04 15.23 28.65 31.62 38.01 36.06 29.0 20.12 18.38 12.21 16.4 10.77 17.03 32.56 0.0 16.4 36.25 36.07 13.0 32.7 49.03 34.99 30.15 38.29 55.57 54.2 15.3 9.43 12.21 12.08 18.44 45.28 43.32 27.2 28.64 18.68 5.83 24.76 52.61 63.25 30.07 39.05 9.0 11.7 43.6 29.0 27.78 36.14 50.16 20.1 13.93 16.49 17.49 18.0 
63  11.18 10.0 39.05 22.8 39.36 31.06 25.06 42.49 7.21 32.28 38.42 12.04 24.19 12.37 3.16 33.54 31.62 42.43 30.41 35.36 25.5 7.07 22.36 18.03 11.18 31.62 22.36 28.28 20.0 14.14 17.46 33.54 40.26 35.61 47.17 32.02 21.26 20.62 27.8 12.04 32.02 11.7 14.32 28.02 59.82 49.24 48.88 49.68 26.08 30.61 26.83 30.87 36.72 19.72 13.04 5.1 9.22 6.0 4.24 9.0 13.89 24.84 16.4 0.0 20.62 19.85 25.5 20.0 40.31 40.31 41.23 40.8 51.66 37.8 11.18 15.81 28.6 18.03 27.07 29.21 36.88 13.15 38.64 33.29 19.31 8.94 39.05 48.05 20.81 28.64 23.02 27.02 42.19 31.78 14.04 22.02 37.48 14.87 8.54 10.82 6.4 11.18 
64  21.21 20.62 57.01 11.18 55.17 13.42 7.28 22.8 26.02 37.64 35.23 28.28 35.78 32.98 23.77 35.36 46.1 36.4 14.14 15.0 33.54 26.93 40.31 31.62 10.0 11.18 39.05 47.17 32.02 18.03 24.7 22.36 24.21 33.06 45.28 47.43 37.11 18.44 27.17 25.5 42.54 28.84 27.2 8.94 49.93 37.01 65.07 41.15 43.42 48.6 30.08 33.73 37.05 5.83 14.32 16.16 26.08 26.48 23.09 29.43 32.06 21.02 36.25 20.62 0.0 12.21 46.1 25.0 29.15 47.43 54.08 44.72 45.54 20.59 30.0 32.02 48.3 38.21 47.1 18.11 30.08 9.9 50.77 50.33 39.85 16.28 20.25 27.46 17.26 18.03 40.8 45.22 41.05 38.28 21.02 6.32 20.25 31.4 28.07 29.02 24.0 21.21 
65  26.25 13.93 58.9 22.85 58.83 13.15 9.49 25.32 21.95 46.17 46.32 21.84 25.71 30.81 22.63 45.04 50.54 48.1 26.25 24.17 40.79 26.91 33.38 23.0 10.44 17.72 41.88 48.1 37.34 25.18 31.58 34.48 36.07 43.93 56.29 38.33 29.02 6.4 37.22 29.55 49.04 31.06 19.1 20.52 62.13 49.2 68.51 53.24 45.8 50.45 39.01 43.0 47.27 6.4 7.21 17.89 20.62 24.21 20.0 26.63 26.25 31.58 36.07 19.85 12.21 0.0 42.94 13.93 41.34 55.58 59.62 54.01 57.38 18.79 25.08 34.99 48.17 34.01 42.06 9.43 41.79 17.0 56.65 53.01 38.01 11.4 31.06 34.37 27.29 29.97 42.8 46.86 51.79 46.39 12.04 18.36 31.89 24.52 24.19 23.77 19.72 26.25 
66  30.41 29.15 25.0 47.01 30.81 55.54 49.98 67.42 21.02 42.8 55.01 22.02 29.07 13.15 22.36 47.17 29.15 60.42 55.0 60.83 36.06 20.0 15.81 25.0 36.4 57.01 21.21 15.81 29.15 35.36 33.84 55.9 64.2 52.33 61.03 25.0 21.02 40.8 45.31 26.93 36.12 21.84 26.17 53.34 78.79 70.6 37.0 68.54 20.25 19.92 41.59 44.42 50.77 44.6 35.78 30.27 22.47 19.65 23.41 16.76 17.69 45.35 13.0 25.5 46.1 42.94 0.0 35.36 61.85 46.1 38.08 50.25 68.48 61.72 18.03 22.36 12.17 9.22 7.28 51.31 56.3 38.12 37.59 24.04 7.28 31.78 64.07 73.55 42.58 51.48 18.44 17.89 56.3 41.23 32.2 47.17 62.01 20.52 18.79 19.42 23.26 30.41 
67  30.41 10.0 55.9 34.06 57.87 26.17 23.41 38.01 17.09 51.79 55.46 13.6 12.04 25.94 21.21 52.2 50.99 58.31 39.05 38.08 45.28 25.5 22.36 11.18 18.03 31.62 41.23 44.72 40.0 31.62 36.67 46.1 49.2 52.8 65.0 25.0 17.09 8.06 45.31 32.02 52.01 31.26 9.22 33.84 73.88 61.52 66.85 64.4 44.27 47.93 45.61 49.73 55.03 19.72 11.4 21.59 14.32 20.88 17.26 21.93 17.69 40.71 32.7 20.0 25.0 13.93 35.36 0.0 53.15 60.21 60.83 60.21 67.74 30.15 18.03 35.36 43.57 26.17 32.45 18.25 52.15 25.55 58.42 51.26 32.45 12.65 44.78 48.05 36.24 41.23 41.11 44.38 60.17 51.48 6.08 30.41 45.22 14.87 18.79 16.64 15.52 30.41 
68  31.62 46.1 60.83 19.1 55.08 38.08 34.54 39.12 47.51 28.23 14.87 51.87 62.37 49.98 42.49 22.36 46.1 11.18 15.81 25.0 30.41 42.72 62.65 57.01 35.36 30.41 45.0 55.0 35.0 26.93 28.28 7.07 10.77 15.26 22.36 72.11 61.29 47.43 18.11 34.93 37.95 40.02 52.63 22.14 20.81 8.94 63.91 12.37 49.04 54.15 23.35 23.41 20.81 34.99 41.77 35.51 49.09 45.62 44.42 48.33 54.2 16.49 49.03 40.31 29.15 41.34 61.85 53.15 0.0 36.06 49.24 29.83 18.0 43.29 51.48 40.31 58.08 57.01 65.79 46.24 8.06 28.43 45.69 53.6 54.57 41.77 18.44 32.31 19.7 12.04 48.01 52.01 20.62 30.08 48.08 23.02 14.14 54.92 48.76 51.11 46.32 31.62 
69  30.0 50.25 31.62 38.01 23.54 60.75 54.71 67.6 45.35 9.85 21.47 50.7 63.32 40.72 39.81 14.14 18.03 26.93 43.01 54.08 15.0 36.4 55.9 57.01 45.28 55.9 25.0 32.02 20.62 30.41 24.08 35.36 45.34 20.81 20.0 67.08 57.94 59.08 21.63 28.28 10.0 30.36 54.13 47.01 42.11 41.23 30.07 33.96 26.17 28.84 17.46 14.42 15.26 51.42 51.04 39.0 48.27 41.48 43.74 42.38 49.98 27.78 34.99 40.31 47.43 55.58 46.1 60.21 36.06 0.0 15.0 7.07 30.07 67.78 47.43 26.93 36.24 47.01 52.8 64.33 28.02 38.83 12.17 25.94 40.22 48.01 50.99 65.3 30.46 35.0 27.66 29.07 17.46 9.22 54.15 42.54 46.69 52.5 44.92 48.08 45.89 30.0 
70  33.54 50.99 18.03 46.69 9.43 67.42 61.06 76.06 44.18 21.02 35.44 49.04 61.03 37.05 39.62 26.93 10.0 41.23 53.15 63.64 21.21 35.36 50.99 55.0 49.24 64.03 20.0 22.36 22.36 36.06 29.41 47.17 57.45 34.18 35.0 61.85 54.33 61.68 32.45 30.08 12.04 29.61 53.15 55.9 57.08 55.36 15.13 48.66 18.44 18.36 27.2 25.94 29.12 56.82 53.76 41.79 47.17 40.2 43.57 40.01 47.04 37.64 30.15 41.23 54.08 59.62 38.08 60.83 49.24 15.0 0.0 22.02 45.04 74.63 45.0 25.5 26.42 41.77 45.31 68.94 41.23 44.42 3.61 14.42 33.96 50.0 62.01 75.82 38.9 45.61 21.21 20.25 32.25 19.24 55.11 50.45 58.01 50.01 43.05 46.01 45.4 33.54 
71  29.83 50.45 38.08 34.48 30.27 57.72 51.97 63.56 46.62 8.54 15.0 52.0 64.62 43.27 40.85 9.49 23.77 20.12 38.47 49.65 15.65 38.01 58.52 58.31 44.05 52.2 29.07 37.22 22.47 29.07 23.54 30.0 39.62 14.87 13.04 69.64 59.94 58.14 17.72 29.15 14.76 32.25 55.03 43.08 35.06 34.44 37.12 26.93 31.06 34.44 15.0 11.05 9.22 49.25 50.25 38.64 49.4 42.95 44.6 44.29 51.88 24.04 38.29 40.8 44.72 54.01 50.25 60.21 29.83 7.07 22.02 0.0 23.02 64.56 49.19 29.41 41.34 50.0 56.59 62.29 21.93 37.01 19.03 31.95 43.86 47.68 45.8 60.22 27.46 30.41 32.02 34.13 10.44 9.43 54.13 39.29 41.4 54.13 46.52 49.66 46.82 29.83 
72  41.04 59.41 60.53 34.54 53.08 55.73 51.66 57.08 58.69 26.93 13.6 63.7 75.43 58.6 53.04 21.54 45.71 9.43 33.38 43.0 32.7 51.86 73.0 69.53 49.74 48.26 48.47 57.87 39.36 37.54 35.61 23.54 28.28 16.4 10.2 83.45 72.84 63.07 24.08 42.8 36.5 47.43 65.44 39.62 12.04 16.12 60.13 6.71 51.55 55.79 26.93 24.17 18.03 51.26 56.44 47.63 60.88 55.9 55.9 58.14 65.07 27.2 55.57 51.66 45.54 57.38 68.48 67.74 18.0 30.07 45.04 23.02 0.0 61.2 62.24 46.14 61.68 65.8 73.78 63.32 15.65 42.19 42.0 53.94 61.4 55.47 36.22 49.48 31.62 27.51 51.62 54.71 13.15 28.86 62.13 39.22 32.06 66.48 59.41 62.23 58.05 41.04 
73  41.4 32.7 76.38 30.08 75.29 7.21 13.6 8.94 40.71 57.94 53.34 40.5 42.05 49.4 40.8 55.08 66.4 53.0 28.0 18.68 54.12 44.82 51.66 40.79 26.91 13.0 58.73 65.95 52.43 38.59 45.28 38.0 34.21 51.62 63.2 55.08 46.87 22.36 46.84 45.45 63.13 48.08 37.36 22.09 62.36 48.76 85.15 55.58 62.94 67.9 50.33 53.76 56.29 18.38 25.94 34.66 39.4 42.72 38.59 45.28 44.94 40.52 54.2 37.8 20.59 18.79 61.72 30.15 43.29 67.78 74.63 64.56 61.2 0.0 43.86 51.66 66.4 52.8 60.75 12.0 47.04 30.23 71.34 70.04 56.6 30.02 26.57 21.4 37.34 35.23 60.11 64.38 59.54 58.69 30.36 25.3 29.83 43.01 42.94 42.54 38.47 41.4 
74  21.21 11.18 38.08 33.84 40.79 37.95 32.76 50.0 4.12 40.71 48.8 4.47 16.12 8.25 9.22 43.01 35.0 53.15 41.23 45.0 33.54 11.18 11.18 10.0 20.0 40.31 25.0 26.93 26.93 25.0 27.02 44.72 51.24 45.97 57.01 21.21 10.82 22.8 38.18 20.25 38.08 17.09 8.94 38.21 70.8 60.42 49.34 60.61 27.29 30.36 36.4 40.22 46.4 27.46 18.03 16.16 4.47 6.4 7.28 5.1 2.83 35.81 15.3 11.18 30.0 25.08 18.03 18.03 51.48 47.43 45.0 49.19 62.24 43.86 0.0 20.62 25.55 8.94 17.26 33.29 47.8 24.04 43.1 33.96 14.42 14.32 49.5 57.22 31.91 39.81 24.19 26.93 52.01 39.81 14.21 32.56 48.27 5.1 2.83 1.41 6.0 21.21 
75  11.18 25.5 25.0 28.46 23.85 44.55 38.18 54.82 19.03 21.26 32.65 24.19 36.67 13.89 14.14 25.0 15.81 38.08 36.4 44.72 14.14 10.0 29.15 30.41 25.0 43.01 7.07 15.81 7.07 15.81 12.04 35.0 44.28 29.97 39.05 40.31 31.02 36.4 23.09 6.71 17.46 4.12 28.02 36.67 56.46 48.84 33.6 46.24 11.4 16.64 19.24 22.2 28.6 33.3 28.64 17.2 22.02 15.03 18.11 15.52 23.09 24.02 9.43 15.81 32.02 34.99 22.36 35.36 40.31 26.93 25.5 29.41 46.14 51.66 20.62 0.0 18.11 20.62 27.8 44.42 34.21 22.2 23.09 18.38 15.26 24.7 45.88 57.7 22.2 31.14 8.94 13.42 34.21 20.0 29.61 30.41 42.95 25.71 18.25 21.38 20.02 11.18 
76  28.86 35.47 13.15 46.32 18.68 59.64 53.54 70.83 27.02 34.93 48.76 30.02 39.56 17.8 25.61 40.16 18.38 54.57 54.34 62.03 29.12 21.63 27.17 34.54 39.66 59.48 13.34 4.24 23.19 33.73 30.02 53.04 62.39 46.32 53.23 37.05 31.78 47.51 40.31 24.52 26.63 19.92 34.48 54.08 72.8 66.37 25.08 62.82 10.3 8.06 35.69 37.64 43.66 48.26 41.04 32.25 29.41 24.04 28.28 22.02 26.4 42.01 12.21 28.6 48.3 48.17 12.17 43.57 58.08 36.24 26.42 41.34 61.68 66.4 25.55 18.11 0.0 18.68 19.42 57.28 51.48 39.0 26.4 12.08 11.18 36.8 63.79 75.03 40.31 49.25 10.2 7.21 48.85 33.11 39.2 47.76 61.0 29.55 25.0 26.93 29.07 28.86 
77  25.5 20.12 31.78 40.61 36.0 46.82 41.48 58.82 12.37 41.87 52.2 12.81 20.88 7.21 15.13 45.28 32.02 57.14 48.37 53.15 34.71 14.32 9.22 16.12 28.28 48.84 22.47 21.1 27.66 30.08 30.23 50.6 58.05 49.41 59.41 20.25 13.15 31.62 41.88 23.02 37.12 18.44 16.97 46.0 75.29 65.92 43.57 65.0 23.35 25.02 39.05 42.45 48.84 36.14 26.93 23.09 13.42 12.04 15.13 9.06 8.49 40.72 12.08 18.03 38.21 34.01 9.22 26.17 57.01 47.01 41.77 50.0 65.8 52.8 8.94 20.62 18.68 0.0 9.06 42.19 52.35 31.14 40.52 29.0 8.0 23.09 57.08 65.62 37.34 45.88 20.62 22.02 54.49 40.61 23.02 40.05 55.44 11.4 10.2 10.3 14.56 25.5 
78  34.18 28.16 32.06 49.65 38.08 55.08 50.01 67.19 21.1 48.84 60.21 20.25 24.21 15.81 24.19 52.8 36.24 65.37 57.43 62.07 41.87 23.09 10.63 21.4 37.12 57.56 27.8 23.09 34.83 38.9 38.47 59.48 67.08 57.45 66.84 18.11 16.28 38.91 50.12 31.3 42.8 26.42 23.71 55.01 83.65 74.67 44.05 73.36 27.29 27.2 46.87 50.0 56.4 44.72 35.17 32.14 21.59 21.1 24.02 18.11 15.81 49.4 18.44 27.07 47.1 42.06 7.28 32.45 65.79 52.8 45.31 56.59 73.78 60.75 17.26 27.8 19.42 9.06 0.0 49.66 60.84 40.2 44.72 31.32 12.73 31.58 66.12 74.43 46.17 54.82 25.24 25.08 62.01 47.38 30.46 49.09 64.5 17.89 19.03 18.44 23.19 34.18 
79  35.47 22.2 68.25 29.27 68.26 10.0 11.7 20.4 30.61 54.74 53.34 29.53 30.07 39.7 31.89 53.08 59.94 54.34 30.46 24.76 49.73 36.24 40.16 29.12 19.7 17.69 51.31 57.38 46.62 33.96 40.52 39.85 39.12 51.16 63.39 43.1 35.17 10.77 45.01 38.91 58.19 40.5 26.0 24.17 66.64 53.24 77.94 58.52 55.22 59.82 47.38 51.24 55.0 13.04 16.28 27.29 28.84 33.24 29.0 35.47 34.0 39.01 45.28 29.21 18.11 9.43 51.31 18.25 46.24 64.33 68.94 62.29 63.32 12.0 33.29 44.42 57.28 42.19 49.66 0.0 48.05 25.5 65.92 62.43 46.86 20.52 32.65 31.78 35.01 35.9 52.2 56.22 59.14 55.11 19.24 24.33 34.67 31.78 32.8 31.91 28.43 35.47 
80  26.93 44.05 53.34 18.97 47.3 41.05 36.5 44.15 44.05 20.25 7.21 48.84 60.21 45.18 38.6 14.32 38.47 6.32 19.1 29.83 23.02 38.08 58.82 54.45 34.13 34.06 38.21 48.17 28.28 22.8 22.47 9.22 17.8 7.21 16.28 68.88 58.14 47.42 11.18 29.55 30.08 34.54 50.25 25.0 23.02 15.0 55.97 12.81 42.05 47.0 16.0 15.52 12.81 35.74 40.82 32.53 46.01 41.62 41.11 44.1 50.61 12.04 43.32 36.88 30.08 41.79 56.3 52.15 8.06 28.02 41.23 21.93 15.65 47.04 47.8 34.21 51.48 52.35 60.84 48.05 0.0 26.63 37.7 46.17 49.04 40.0 24.6 38.95 16.28 12.17 41.3 45.1 13.42 22.14 46.62 23.77 20.12 51.74 45.0 47.63 43.19 26.93 
81  11.31 17.69 47.2 9.85 45.28 23.02 16.64 32.65 19.92 29.27 30.08 23.71 33.97 25.02 16.03 28.07 36.24 32.76 17.26 23.09 24.35 18.25 35.11 28.6 7.62 20.81 29.21 37.59 22.2 8.54 15.23 21.4 27.2 27.51 39.85 43.91 33.12 21.59 20.4 15.62 33.11 19.24 24.21 15.3 48.8 37.2 55.17 39.05 33.6 38.83 22.02 26.0 30.41 12.65 14.32 8.06 21.02 19.1 16.76 22.09 26.57 15.23 27.2 13.15 9.9 17.0 38.12 25.55 28.43 38.83 44.42 37.01 42.19 30.23 24.04 22.2 39.0 31.14 40.2 25.5 26.63 0.0 41.18 40.46 31.4 13.45 26.0 36.06 10.77 16.4 31.06 35.51 35.17 29.61 20.0 9.06 24.33 26.83 21.59 23.41 18.38 11.31 
82  30.46 48.51 19.7 43.19 11.4 64.14 57.8 72.62 42.01 17.46 32.02 47.01 59.21 35.36 37.22 23.41 8.54 37.85 49.58 60.11 17.69 33.06 49.73 53.08 46.24 60.61 18.25 22.2 19.31 32.76 26.08 43.57 53.85 30.68 32.06 60.73 52.77 58.94 28.84 27.2 8.49 27.17 51.01 52.4 54.01 51.92 18.44 45.4 17.46 18.44 23.6 22.36 25.71 53.67 50.96 38.9 45.01 38.01 41.19 38.05 45.28 34.06 28.64 38.64 50.77 56.65 37.59 58.42 45.69 12.17 3.61 19.03 42.0 71.34 43.1 23.09 26.4 40.52 44.72 65.92 37.7 41.18 0.0 14.87 32.89 47.3 58.41 72.25 35.38 42.01 19.92 19.72 29.07 15.65 52.61 47.01 54.41 48.17 41.01 44.05 43.1 30.46 
83  29.21 42.05 7.28 45.65 7.0 62.94 56.57 73.11 34.18 27.17 42.05 38.33 49.37 25.71 30.89 33.06 8.25 48.04 53.23 62.43 23.19 26.42 38.05 43.74 43.28 61.22 11.31 8.25 19.7 33.29 27.73 49.73 59.77 40.0 44.64 48.51 42.05 53.71 35.51 24.84 17.46 22.02 42.72 54.38 65.62 61.13 15.65 56.14 7.21 4.12 30.27 31.0 36.22 51.66 46.32 35.47 37.0 30.46 34.44 29.41 35.51 38.9 18.68 33.29 50.33 53.01 24.04 51.26 53.6 25.94 14.42 31.95 53.94 70.04 33.96 18.38 12.08 29.0 31.32 62.43 46.17 40.46 14.87 0.0 21.0 42.19 62.65 75.29 38.48 46.82 10.3 7.07 40.79 25.18 46.1 48.26 59.24 38.64 32.57 35.17 35.85 29.21 
84  23.19 24.76 24.04 40.01 28.0 50.12 44.28 61.74 16.28 36.12 47.89 18.87 28.64 7.21 16.16 40.22 24.35 53.23 48.04 54.34 29.21 13.15 17.12 23.41 30.46 50.92 15.26 13.15 22.2 28.16 26.57 48.66 57.08 45.18 54.2 27.89 21.1 36.77 38.08 19.65 30.23 14.56 23.32 46.69 71.59 63.32 35.69 61.33 15.52 17.03 34.48 37.44 43.83 38.91 30.81 23.77 18.44 13.89 18.03 11.4 15.23 38.08 5.83 19.31 39.85 38.01 7.28 32.45 54.57 40.22 33.96 43.86 61.4 56.6 14.42 15.26 11.18 8.0 12.73 46.86 49.04 31.4 32.89 21.0 0.0 26.63 57.22 67.19 35.36 44.28 13.0 14.04 49.41 34.66 28.32 40.45 55.01 18.38 14.14 15.81 18.44 23.19 
85  18.03 4.47 47.8 22.8 48.3 23.77 18.44 35.74 10.77 39.32 42.94 12.04 20.62 19.42 11.4 39.56 40.5 46.04 29.07 31.14 33.02 15.81 24.08 15.65 6.71 26.08 31.3 36.88 28.28 18.97 24.19 34.71 39.36 40.25 52.39 31.38 20.88 11.7 32.7 20.22 40.31 20.62 11.18 25.0 62.24 50.45 57.8 52.5 34.99 39.41 32.98 37.11 42.38 13.15 4.24 9.06 10.05 12.81 8.6 15.26 16.03 28.3 24.76 8.94 16.28 11.4 31.78 12.65 41.77 48.01 50.0 47.68 55.47 30.02 14.32 24.7 36.8 23.09 31.58 20.52 40.0 13.45 47.3 42.19 26.63 0.0 36.4 43.05 23.85 29.73 31.91 35.81 47.54 39.12 6.71 20.12 35.85 15.13 13.0 13.15 8.54 18.03 
86  34.93 40.8 69.86 17.46 65.86 23.02 22.02 21.02 45.4 41.73 31.76 48.27 55.95 51.01 42.01 36.88 56.44 29.41 9.49 8.06 41.05 44.1 60.21 51.87 29.83 15.0 52.2 61.68 42.95 30.08 34.93 15.81 8.0 31.06 40.5 67.68 57.28 37.44 29.73 39.29 50.0 43.93 47.43 11.4 35.9 22.36 75.47 30.02 56.65 62.03 34.83 36.77 36.62 25.06 34.54 34.01 45.89 45.04 42.3 48.04 51.79 24.41 52.61 39.05 20.25 31.06 64.07 44.78 18.44 50.99 62.01 45.8 36.22 26.57 49.5 45.88 63.79 57.08 66.12 32.65 24.6 26.0 58.41 62.65 57.22 36.4 0.0 14.42 24.17 16.4 54.71 59.14 38.01 43.19 41.23 17.03 4.47 51.42 47.27 48.66 43.57 34.93 
87  46.52 47.0 82.37 29.68 79.06 22.14 25.08 12.73 53.34 55.9 46.14 55.01 60.02 60.42 51.2 51.22 69.63 43.46 22.67 13.0 54.67 54.12 67.0 57.22 37.34 17.0 64.41 73.41 55.76 42.06 47.71 30.23 21.54 45.49 54.63 72.69 63.13 40.02 43.86 50.99 63.78 55.15 53.08 21.02 47.0 34.23 88.81 42.95 68.88 74.24 48.8 50.99 51.04 30.0 40.01 43.42 53.08 53.94 50.49 56.89 59.08 38.21 63.25 48.05 27.46 34.37 73.55 48.05 32.31 65.3 75.82 60.22 49.48 21.4 57.22 57.7 75.03 65.62 74.43 31.78 38.95 36.06 72.25 75.29 67.19 43.05 14.42 0.0 37.2 30.41 66.64 71.11 52.35 57.28 46.17 27.31 18.87 58.0 55.44 56.14 51.24 46.52 
88  12.17 27.8 45.69 7.81 41.88 30.36 24.52 37.44 28.02 20.62 19.31 32.65 43.93 30.36 22.83 18.11 32.45 22.2 14.76 24.76 17.69 23.09 43.05 38.18 18.38 25.55 28.16 37.85 18.79 7.28 10.77 13.34 22.09 16.76 29.12 52.8 42.01 32.28 10.0 16.0 26.91 21.02 33.97 17.03 39.05 28.64 51.61 29.0 32.57 37.95 13.0 16.49 20.02 22.0 25.08 16.28 29.83 25.94 25.0 28.64 34.67 4.47 30.07 20.81 17.26 27.29 42.58 36.24 19.7 30.46 38.9 27.46 31.62 37.34 31.91 22.2 40.31 37.34 46.17 35.01 16.28 10.77 35.38 38.48 35.36 23.85 24.17 37.2 0.0 9.0 30.81 35.17 24.52 21.47 30.53 12.08 20.88 35.61 29.15 31.62 27.02 12.17 
89  21.1 34.06 54.08 7.21 49.65 29.0 24.33 33.24 35.78 25.5 18.11 39.96 50.33 39.05 31.02 21.1 40.25 18.44 8.06 19.24 24.7 31.78 50.99 45.0 23.35 22.36 36.88 46.69 27.2 16.12 19.42 5.0 13.15 16.49 28.02 60.21 49.4 35.85 13.45 25.0 33.6 30.02 40.61 13.15 32.65 20.81 59.17 23.32 41.23 46.57 18.44 20.62 21.54 23.77 29.83 23.71 37.22 34.18 32.65 37.0 42.49 8.06 39.05 28.64 18.03 29.97 51.48 41.23 12.04 35.0 45.61 30.41 27.51 35.23 39.81 31.14 49.25 45.88 54.82 35.9 12.17 16.4 42.01 46.82 44.28 29.73 16.4 30.41 9.0 0.0 39.62 43.93 24.33 26.87 36.07 11.7 12.53 43.05 37.16 39.36 34.48 21.1 
90  20.12 31.78 16.28 37.34 16.76 53.08 46.75 63.6 24.04 25.06 38.6 28.44 40.01 16.03 20.59 30.08 11.4 44.38 45.22 53.67 18.97 16.12 29.83 34.13 33.24 51.87 3.16 7.07 13.04 24.7 20.22 43.19 52.77 36.14 43.42 40.8 33.14 43.42 30.15 15.65 17.69 12.04 32.76 45.62 62.64 56.22 25.94 52.63 3.16 7.81 25.5 27.51 33.62 41.73 36.06 25.46 26.93 20.25 24.17 19.42 26.02 32.14 9.0 23.02 40.8 42.8 18.44 41.11 48.01 27.66 21.21 32.02 51.62 60.11 24.19 8.94 10.2 20.62 25.24 52.2 41.3 31.06 19.92 10.3 13.0 31.91 54.71 66.64 30.81 39.62 0.0 4.47 38.91 23.32 35.85 39.36 51.66 29.07 22.56 25.32 25.63 20.12 
91  24.6 35.36 12.04 41.79 14.04 57.38 51.09 68.01 27.31 27.86 41.98 31.32 42.3 18.68 24.41 33.24 11.4 47.85 49.65 58.14 22.36 20.0 31.14 36.67 37.48 56.3 7.07 3.16 17.03 29.15 24.52 47.38 57.07 39.62 46.1 41.77 35.01 47.17 34.01 20.12 19.42 16.4 35.74 50.09 65.97 60.07 22.47 56.09 3.16 3.61 29.15 30.81 36.69 46.01 40.0 29.73 30.08 23.71 27.78 22.47 28.44 36.35 11.7 27.02 45.22 46.86 17.89 44.38 52.01 29.07 20.25 34.13 54.71 64.38 26.93 13.42 7.21 22.02 25.08 56.22 45.1 35.51 19.72 7.07 14.04 35.81 59.14 71.11 35.17 43.93 4.47 0.0 41.79 26.0 39.36 43.83 56.04 31.58 25.63 28.16 29.07 24.6 
92  31.06 50.99 47.38 30.0 40.01 53.15 48.0 57.28 48.83 13.93 6.32 54.08 66.37 47.38 43.01 9.22 32.56 10.0 32.02 43.01 20.25 41.11 62.29 60.21 42.72 46.69 35.78 44.94 27.2 28.64 25.0 22.47 31.06 8.0 5.0 73.11 62.8 56.75 14.87 31.89 23.35 36.07 56.44 37.48 25.02 24.19 47.38 16.49 38.63 42.72 15.62 12.04 5.66 46.27 49.34 38.91 51.31 45.61 46.32 47.51 54.82 20.22 43.6 42.19 41.05 51.79 56.3 60.17 20.62 17.46 32.25 10.44 13.15 59.54 52.01 34.21 48.85 54.49 62.01 59.14 13.42 35.17 29.07 40.79 49.41 47.54 38.01 52.35 24.52 24.33 38.91 41.79 0.0 15.81 54.23 35.0 33.54 56.61 49.2 52.2 48.55 31.06 
93  21.1 41.59 32.02 29.15 25.32 51.62 45.54 58.83 37.34 2.0 17.03 42.72 55.36 33.84 31.62 8.06 17.03 23.02 34.71 45.61 6.32 28.64 49.09 49.04 36.12 47.01 20.25 29.15 13.04 21.21 15.0 28.02 38.28 15.3 20.12 60.21 50.54 50.01 13.45 19.92 8.06 22.83 45.88 38.28 40.45 36.67 33.84 31.02 22.85 26.93 8.6 6.71 11.05 42.2 42.0 30.07 40.16 33.62 35.44 34.89 42.49 19.21 29.0 31.78 38.28 46.39 41.23 51.48 30.08 9.22 19.24 9.43 28.86 58.69 39.81 20.0 33.11 40.61 47.38 55.11 22.14 29.61 15.65 25.18 34.66 39.12 43.19 57.28 21.47 26.87 23.32 26.0 15.81 0.0 45.4 33.54 39.05 44.78 37.16 40.31 37.64 21.1 
94  24.33 4.12 51.11 29.0 52.55 25.18 21.1 37.34 12.21 45.71 49.65 10.3 14.76 21.4 15.52 46.17 45.35 52.7 34.67 35.17 39.2 19.92 21.38 11.05 12.73 29.27 35.74 39.96 34.01 25.63 30.59 41.01 44.94 46.96 59.09 26.68 17.0 8.6 39.4 26.0 46.04 25.5 7.07 29.97 68.68 56.64 61.74 59.03 39.0 42.94 39.56 43.68 49.04 16.49 6.71 15.52 9.9 15.65 11.7 17.2 14.76 34.99 27.78 14.04 21.02 12.04 32.2 6.08 48.08 54.15 55.11 54.13 62.13 30.36 14.21 29.61 39.2 23.02 30.46 19.24 46.62 20.0 52.61 46.1 28.32 6.71 41.23 46.17 30.53 36.07 35.85 39.36 54.23 45.4 0.0 25.81 41.18 12.65 14.21 12.81 10.3 24.33 
95  19.24 24.6 55.23 5.0 52.5 18.44 13.0 25.61 28.44 32.7 29.07 31.62 40.5 34.06 25.0 29.83 43.19 30.08 8.94 14.32 29.41 27.29 43.42 35.78 13.42 13.6 37.22 46.1 29.07 15.0 21.21 16.12 19.24 27.0 39.12 51.48 40.85 24.41 21.59 23.71 38.6 27.86 31.3 6.32 43.83 31.14 62.37 34.89 41.68 47.01 25.08 28.46 31.26 12.08 19.21 17.0 29.12 28.02 25.32 31.02 34.93 15.3 36.14 22.02 6.32 18.36 47.17 30.41 23.02 42.54 50.45 39.29 39.22 25.3 32.56 30.41 47.76 40.05 49.09 24.33 23.77 9.06 47.01 48.26 40.45 20.12 17.03 27.31 12.08 11.7 39.36 43.83 35.0 33.54 25.81 0.0 15.81 34.79 30.27 31.78 26.68 19.24 
96  32.25 40.31 66.48 15.0 62.18 25.5 23.43 25.02 44.15 37.54 27.29 47.43 55.95 49.09 40.31 32.56 52.77 25.0 7.07 11.18 37.22 42.01 59.2 51.48 29.15 17.46 49.04 58.69 39.56 27.29 31.62 11.4 4.47 26.63 36.06 67.23 56.65 38.29 25.61 36.5 46.04 41.3 47.01 11.4 32.57 18.97 71.69 26.02 53.45 58.82 30.81 32.56 32.2 25.61 34.48 32.39 44.92 43.42 41.0 46.39 50.7 20.59 50.16 37.48 20.25 31.89 62.01 45.22 14.14 46.69 58.01 41.4 32.06 29.83 48.27 42.95 61.0 55.44 64.5 34.67 20.12 24.33 54.41 59.24 55.01 35.85 4.47 18.87 20.88 12.53 51.66 56.04 33.54 39.05 41.18 15.81 0.0 50.6 45.89 47.54 42.45 32.25 
97  25.61 11.0 42.38 36.67 45.54 37.66 33.06 49.82 7.81 45.62 53.15 3.16 11.05 13.04 13.6 47.71 40.01 57.28 43.66 46.27 38.48 16.16 9.0 5.1 21.59 41.0 30.02 31.32 31.95 29.0 31.62 48.02 53.85 50.33 61.61 17.2 6.4 21.02 42.52 25.06 43.17 22.14 5.83 40.02 74.65 63.81 53.85 64.54 32.14 34.93 41.05 44.94 51.04 28.0 18.03 19.42 5.83 11.18 10.63 10.2 3.16 39.7 20.1 14.87 31.4 24.52 20.52 14.87 54.92 52.5 50.01 54.13 66.48 43.01 5.1 25.71 29.55 11.4 17.89 31.78 51.74 26.83 48.17 38.64 18.38 15.13 51.42 58.0 35.61 43.05 29.07 31.58 56.61 44.78 12.65 34.79 50.6 0.0 7.62 4.47 8.6 25.61 
98  18.38 10.63 37.12 31.32 39.29 36.77 31.32 48.7 2.24 38.01 45.97 6.0 18.44 7.21 6.4 40.22 33.06 50.33 38.83 43.05 30.87 8.54 13.89 12.17 18.11 38.64 23.09 25.94 24.35 22.2 24.21 42.05 48.76 43.14 54.2 24.04 13.6 22.63 35.36 17.49 35.69 14.56 10.2 36.06 68.01 57.71 48.1 57.8 25.71 29.15 33.6 37.44 43.6 25.96 17.0 13.6 4.47 3.61 5.0 3.16 5.66 33.02 13.93 8.54 28.07 24.19 18.79 18.79 48.76 44.92 43.05 46.52 59.41 42.94 2.83 18.25 25.0 10.2 19.03 32.8 45.0 21.59 41.01 32.57 14.14 13.0 47.27 55.44 29.15 37.16 22.56 25.63 49.2 37.16 14.21 30.27 45.89 7.62 0.0 3.16 4.47 18.38 
99  21.26 9.85 39.4 33.24 41.98 36.69 31.58 48.76 3.61 41.15 48.84 3.16 15.3 9.49 9.22 43.27 36.01 53.08 40.52 44.01 34.01 11.7 11.7 9.06 19.03 39.2 26.02 28.23 27.51 24.84 27.2 44.29 50.6 46.01 57.2 21.26 10.63 21.4 38.21 20.59 38.83 17.72 7.62 37.34 70.6 60.03 50.6 60.44 28.44 31.62 36.62 40.5 46.62 26.31 16.76 15.65 3.16 6.71 6.71 6.0 3.16 35.61 16.49 10.82 29.02 23.77 19.42 16.64 51.11 48.08 46.01 49.66 62.23 42.54 1.41 21.38 26.93 10.3 18.44 31.91 47.63 23.41 44.05 35.17 15.81 13.15 48.66 56.14 31.62 39.36 25.32 28.16 52.2 40.31 12.81 31.78 47.54 4.47 3.16 0.0 5.1 21.26 
100  17.49 6.4 40.82 28.23 42.38 32.31 26.93 44.27 2.24 38.28 44.82 5.66 17.89 11.31 6.08 39.82 35.51 48.8 35.44 39.0 31.32 10.05 16.76 11.66 14.0 34.37 25.71 29.68 25.32 20.52 23.71 39.45 45.54 42.01 53.54 25.81 15.0 18.44 34.21 17.72 37.12 16.0 8.25 32.25 66.07 55.23 51.48 55.97 28.79 32.65 33.12 37.12 43.05 21.59 12.53 10.82 2.83 5.39 2.24 7.07 8.25 31.14 17.49 6.4 24.0 19.72 23.26 15.52 46.32 45.89 45.4 46.82 58.05 38.47 6.0 20.02 29.07 14.56 23.19 28.43 43.19 18.38 43.1 35.85 18.44 8.54 43.57 51.24 27.02 34.48 25.63 29.07 48.55 37.64 10.3 26.68 42.45 8.6 4.47 5.1 0.0 17.49 
101  0.0 20.62 36.06 17.46 33.97 34.21 27.8 43.93 17.8 21.38 27.59 23.02 35.36 18.38 12.04 22.36 25.0 32.02 25.5 33.54 15.0 11.18 32.02 29.15 15.81 32.02 18.03 26.93 11.18 5.0 6.32 25.5 34.0 24.76 36.06 42.43 31.89 29.15 16.97 4.47 22.8 9.06 25.5 25.5 49.93 40.5 43.86 39.66 22.47 27.78 15.65 19.7 25.55 23.32 21.1 9.0 20.25 14.87 15.26 17.2 24.04 15.23 18.0 11.18 21.21 26.25 30.41 30.41 31.62 30.0 33.54 29.83 41.04 41.4 21.21 11.18 28.86 25.5 34.18 35.47 26.93 11.31 30.46 29.21 23.19 18.03 34.93 46.52 12.17 21.1 20.12 24.6 31.06 21.1 24.33 19.24 32.25 25.61 18.38 21.26 17.49 0.0 
; 
